V(5,5,5,5): 1
V(6,5,5,3,1): 1
V(6,6,4,2,2): 1
V(7,5,4,2,1,1): 1
V(7,6,2,2,2,1): 1
V(8,4,4,1,1,1,1): 1
V(8,5,2,2,1,1,1): 1
V(9,4,2,1,1,1,1,1): 1
V(10,3,1,1,1,1,1,1,1): 1
V(11,1,1,1,1,1,1,1,1,1): 1
V(5,5,4,2,2,1): 1
V(5,5,4,3,1,1): 1
V(5,5,4,3,2): 1
V(5,5,4,4,1): 1
V(5,5,5,2,1,1): 1
V(5,5,5,2,2): 1
V(5,5,5,3,1): 3
V(5,5,5,4): 2
V(6,4,4,2,1,1,1): 1
V(6,4,4,2,2,1): 1
V(6,4,4,3,1,1): 1
V(6,4,4,3,2): 1
V(6,5,2,2,2,1,1): 1
V(6,5,2,2,2,2): 1
V(6,5,3,2,1,1,1): 1
V(6,5,3,2,2,1): 2
V(6,5,3,3,1,1): 1
V(6,5,3,3,2): 1
V(6,5,4,1,1,1,1): 1
V(6,5,4,2,1,1): 5
V(6,5,4,2,2): 4
V(6,5,4,3,1): 5
V(6,5,4,4): 1
V(6,5,5,1,1,1): 1
V(6,5,5,2,1): 4
V(6,5,5,3): 3
V(6,6,2,2,1,1,1): 1
V(6,6,2,2,2,1): 3
V(6,6,3,2,1,1): 2
V(6,6,3,2,2): 3
V(6,6,3,3,1): 1
V(6,6,4,1,1,1): 1
V(6,6,4,2,1): 4
V(6,6,4,3): 1
V(6,6,5,1,1): 1
V(6,6,5,2): 1
V(7,4,2,2,1,1,1,1): 1
V(7,4,2,2,2,1,1): 1
V(7,4,3,1,1,1,1,1): 1
V(7,4,3,2,1,1,1): 2
V(7,4,3,2,2,1): 1
V(7,4,3,3,1,1): 1
V(7,4,4,1,1,1,1): 3
V(7,4,4,2,1,1): 4
V(7,4,4,2,2): 1
V(7,4,4,3,1): 1
V(7,5,2,1,1,1,1,1): 1
V(7,5,2,2,1,1,1): 4
V(7,5,2,2,2,1): 4
V(7,5,3,1,1,1,1): 2
V(7,5,3,2,1,1): 5
V(7,5,3,2,2): 2
V(7,5,3,3,1): 1
V(7,5,4,1,1,1): 4
V(7,5,4,2,1): 5
V(7,5,4,3): 1
V(7,5,5,1,1): 1
V(7,5,5,2): 1
V(7,6,2,1,1,1,1): 1
V(7,6,2,2,1,1): 4
V(7,6,2,2,2): 3
V(7,6,3,1,1,1): 1
V(7,6,3,2,1): 2
V(7,6,4,1,1): 1
V(7,6,4,2): 1
V(7,7,2,2,1): 1
V(8,3,2,1,1,1,1,1,1): 1
V(8,3,2,2,1,1,1,1): 1
V(8,3,3,1,1,1,1,1): 1
V(8,3,3,2,1,1,1): 1
V(8,4,1,1,1,1,1,1,1): 1
V(8,4,2,1,1,1,1,1): 4
V(8,4,2,2,1,1,1): 4
V(8,4,2,2,2,1): 1
V(8,4,3,1,1,1,1): 4
V(8,4,3,2,1,1): 2
V(8,4,4,1,1,1): 3
V(8,4,4,2,1): 1
V(8,5,1,1,1,1,1,1): 1
V(8,5,2,1,1,1,1): 4
V(8,5,2,2,1,1): 4
V(8,5,2,2,2): 1
V(8,5,3,1,1,1): 2
V(8,5,3,2,1): 1
V(8,5,4,1,1): 1
V(8,6,2,1,1,1): 1
V(8,6,2,2,1): 1
V(9,2,1,1,1,1,1,1,1,1): 1
V(9,2,2,1,1,1,1,1,1): 1
V(9,3,1,1,1,1,1,1,1): 3
V(9,3,2,1,1,1,1,1): 4
V(9,3,2,2,1,1,1): 1
V(9,3,3,1,1,1,1): 1
V(9,4,1,1,1,1,1,1): 3
V(9,4,2,1,1,1,1): 4
V(9,4,2,2,1,1): 1
V(9,4,3,1,1,1): 1
V(9,5,1,1,1,1,1): 1
V(9,5,2,1,1,1): 1
V(10,1,1,1,1,1,1,1,1,1): 2
V(10,2,1,1,1,1,1,1,1): 3
V(10,2,2,1,1,1,1,1): 1
V(10,3,1,1,1,1,1,1): 3
V(10,3,2,1,1,1,1): 1
V(10,4,1,1,1,1,1): 1
V(11,1,1,1,1,1,1,1,1): 2
V(11,2,1,1,1,1,1,1): 1
V(4,4,4,2,2,2): 1
V(4,4,4,3,1,1,1): 1
V(4,4,4,3,2,1): 1
V(4,4,4,4,2): 1
V(5,4,2,2,2,2,1): 1
V(5,4,3,2,1,1,1,1): 1
V(5,4,3,2,2,1,1): 3
V(5,4,3,2,2,2): 2
V(5,4,3,3,1,1,1): 2
V(5,4,3,3,2,1): 4
V(5,4,3,3,3): 1
V(5,4,4,1,1,1,1,1): 1
V(5,4,4,2,1,1,1): 6
V(5,4,4,2,2,1): 10
V(5,4,4,3,1,1): 10
V(5,4,4,3,2): 9
V(5,4,4,4,1): 5
V(5,5,2,2,1,1,1,1): 1
V(5,5,2,2,2,1,1): 5
V(5,5,2,2,2,2): 3
V(5,5,3,1,1,1,1,1): 1
V(5,5,3,2,1,1,1): 8
V(5,5,3,2,2,1): 14
V(5,5,3,3,1,1): 10
V(5,5,3,3,2): 10
V(5,5,4,1,1,1,1): 5
V(5,5,4,2,1,1): 26
V(5,5,4,2,2): 17
V(5,5,4,3,1): 27
V(5,5,4,4): 6
V(5,5,5,1,1,1): 7
V(5,5,5,2,1): 19
V(5,5,5,3): 13
V(6,3,2,2,2,1,1,1): 1
V(6,3,3,1,1,1,1,1,1): 1
V(6,3,3,2,1,1,1,1): 2
V(6,3,3,2,2,1,1): 3
V(6,3,3,2,2,2): 1
V(6,3,3,3,1,1,1): 1
V(6,3,3,3,2,1): 2
V(6,3,3,3,3): 1
V(6,4,2,1,1,1,1,1,1): 1
V(6,4,2,2,1,1,1,1): 6
V(6,4,2,2,2,1,1): 9
V(6,4,2,2,2,2): 5
V(6,4,3,1,1,1,1,1): 6
V(6,4,3,2,1,1,1): 20
V(6,4,3,2,2,1): 21
V(6,4,3,3,1,1): 16
V(6,4,3,3,2): 11
V(6,4,4,1,1,1,1): 15
V(6,4,4,2,1,1): 33
V(6,4,4,2,2): 23
V(6,4,4,3,1): 23
V(6,4,4,4): 5
V(6,5,1,1,1,1,1,1,1): 1
V(6,5,2,1,1,1,1,1): 6
V(6,5,2,2,1,1,1): 23
V(6,5,2,2,2,1): 27
V(6,5,3,1,1,1,1): 17
V(6,5,3,2,1,1): 51
V(6,5,3,2,2): 33
V(6,5,3,3,1): 31
V(6,5,4,1,1,1): 32
V(6,5,4,2,1): 63
V(6,5,4,3): 26
V(6,5,5,1,1): 20
V(6,5,5,2): 19
V(6,6,1,1,1,1,1,1): 1
V(6,6,2,1,1,1,1): 9
V(6,6,2,2,1,1): 23
V(6,6,2,2,2): 18
V(6,6,3,1,1,1): 17
V(6,6,3,2,1): 33
V(6,6,3,3): 8
V(6,6,4,1,1): 18
V(6,6,4,2): 21
V(6,6,5,1): 7
V(6,6,6): 1
V(7,2,2,2,1,1,1,1,1): 1
V(7,3,1,1,1,1,1,1,1,1): 1
V(7,3,2,1,1,1,1,1,1): 5
V(7,3,2,2,1,1,1,1): 9
V(7,3,2,2,2,1,1): 6
V(7,3,2,2,2,2): 1
V(7,3,3,1,1,1,1,1): 8
V(7,3,3,2,1,1,1): 14
V(7,3,3,2,2,1): 7
V(7,3,3,3,1,1): 6
V(7,3,3,3,2): 2
V(7,4,1,1,1,1,1,1,1): 4
V(7,4,2,1,1,1,1,1): 21
V(7,4,2,2,1,1,1): 32
V(7,4,2,2,2,1): 23
V(7,4,3,1,1,1,1): 32
V(7,4,3,2,1,1): 47
V(7,4,3,2,2): 19
V(7,4,3,3,1): 16
V(7,4,4,1,1,1): 28
V(7,4,4,2,1): 33
V(7,4,4,3): 9
V(7,5,1,1,1,1,1,1): 7
V(7,5,2,1,1,1,1): 31
V(7,5,2,2,1,1): 49
V(7,5,2,2,2): 23
V(7,5,3,1,1,1): 41
V(7,5,3,2,1): 51
V(7,5,3,3): 11
V(7,5,4,1,1): 33
V(7,5,4,2): 23
V(7,5,5,1): 8
V(7,6,1,1,1,1,1): 5
V(7,6,2,1,1,1): 20
V(7,6,2,2,1): 27
V(7,6,3,1,1): 19
V(7,6,3,2): 14
V(7,6,4,1): 10
V(7,6,5): 1
V(7,7,1,1,1,1): 1
V(7,7,2,1,1): 5
V(7,7,2,2): 3
V(7,7,3,1): 2
V(8,2,1,1,1,1,1,1,1,1): 3
V(8,2,2,1,1,1,1,1,1): 6
V(8,2,2,2,1,1,1,1): 5
V(8,2,2,2,2,1,1): 1
V(8,3,1,1,1,1,1,1,1): 12
V(8,3,2,1,1,1,1,1): 25
V(8,3,2,2,1,1,1): 22
V(8,3,2,2,2,1): 6
V(8,3,3,1,1,1,1): 17
V(8,3,3,2,1,1): 14
V(8,3,3,2,2): 2
V(8,3,3,3,1): 3
V(8,4,1,1,1,1,1,1): 18
V(8,4,2,1,1,1,1): 43
V(8,4,2,2,1,1): 32
V(8,4,2,2,2): 9
V(8,4,3,1,1,1): 32
V(8,4,3,2,1): 20
V(8,4,3,3): 2
V(8,4,4,1,1): 11
V(8,4,4,2): 6
V(8,5,1,1,1,1,1): 13
V(8,5,2,1,1,1): 31
V(8,5,2,2,1): 20
V(8,5,3,1,1): 19
V(8,5,3,2): 8
V(8,5,4,1): 6
V(8,6,1,1,1,1): 5
V(8,6,2,1,1): 9
V(8,6,2,2): 5
V(8,6,3,1): 3
V(8,6,4): 1
V(8,7,1,1,1): 1
V(8,7,2,1): 1
V(9,1,1,1,1,1,1,1,1,1): 5
V(9,2,1,1,1,1,1,1,1): 13
V(9,2,2,1,1,1,1,1): 15
V(9,2,2,2,1,1,1): 5
V(9,2,2,2,2,1): 1
V(9,3,1,1,1,1,1,1): 21
V(9,3,2,1,1,1,1): 25
V(9,3,2,2,1,1): 9
V(9,3,2,2,2): 1
V(9,3,3,1,1,1): 9
V(9,3,3,2,1): 2
V(9,4,1,1,1,1,1): 18
V(9,4,2,1,1,1): 18
V(9,4,2,2,1): 6
V(9,4,3,1,1): 6
V(9,4,3,2): 1
V(9,4,4,1): 1
V(9,5,1,1,1,1): 7
V(9,5,2,1,1): 6
V(9,5,2,2): 1
V(9,5,3,1): 1
V(9,6,1,1,1): 1
V(9,6,2,1): 1
V(10,1,1,1,1,1,1,1,1): 9
V(10,2,1,1,1,1,1,1): 13
V(10,2,2,1,1,1,1): 7
V(10,2,2,2,1,1): 1
V(10,3,1,1,1,1,1): 9
V(10,3,2,1,1,1): 5
V(10,3,3,1,1): 1
V(10,4,1,1,1,1): 4
V(10,4,2,1,1): 1
V(10,5,1,1,1): 1
V(11,1,1,1,1,1,1,1): 3
V(11,2,1,1,1,1,1): 3
V(11,3,1,1,1,1): 1
V(4,3,3,2,2,1,1,1): 1
V(4,3,3,2,2,2,1): 2
V(4,3,3,3,1,1,1,1): 1
V(4,3,3,3,2,1,1): 3
V(4,3,3,3,2,2): 2
V(4,3,3,3,3,1): 2
V(4,4,2,2,2,1,1,1): 2
V(4,4,2,2,2,2,1): 4
V(4,4,3,1,1,1,1,1,1): 1
V(4,4,3,2,1,1,1,1): 7
V(4,4,3,2,2,1,1): 17
V(4,4,3,2,2,2): 12
V(4,4,3,3,1,1,1): 13
V(4,4,3,3,2,1): 23
V(4,4,3,3,3): 6
V(4,4,4,1,1,1,1,1): 4
V(4,4,4,2,1,1,1): 23
V(4,4,4,2,2,1): 31
V(4,4,4,3,1,1): 31
V(4,4,4,3,2): 27
V(4,4,4,4,1): 13
V(5,3,2,2,1,1,1,1,1): 2
V(5,3,2,2,2,1,1,1): 6
V(5,3,2,2,2,2,1): 6
V(5,3,3,1,1,1,1,1,1): 4
V(5,3,3,2,1,1,1,1): 15
V(5,3,3,2,2,1,1): 27
V(5,3,3,2,2,2): 15
V(5,3,3,3,1,1,1): 18
V(5,3,3,3,2,1): 28
V(5,3,3,3,3): 8
V(5,4,1,1,1,1,1,1,1,1): 1
V(5,4,2,1,1,1,1,1,1): 6
V(5,4,2,2,1,1,1,1): 28
V(5,4,2,2,2,1,1): 51
V(5,4,2,2,2,2): 28
V(5,4,3,1,1,1,1,1): 30
V(5,4,3,2,1,1,1): 112
V(5,4,3,2,2,1): 140
V(5,4,3,3,1,1): 109
V(5,4,3,3,2): 87
V(5,4,4,1,1,1,1): 59
V(5,4,4,2,1,1): 166
V(5,4,4,2,2): 109
V(5,4,4,3,1): 134
V(5,4,4,4): 27
V(5,5,1,1,1,1,1,1,1): 3
V(5,5,2,1,1,1,1,1): 25
V(5,5,2,2,1,1,1): 80
V(5,5,2,2,2,1): 91
V(5,5,3,1,1,1,1): 76
V(5,5,3,2,1,1): 216
V(5,5,3,2,2): 138
V(5,5,3,3,1): 141
V(5,5,4,1,1,1): 122
V(5,5,4,2,1): 238
V(5,5,4,3): 101
V(5,5,5,1,1): 68
V(5,5,5,2): 69
V(6,2,2,1,1,1,1,1,1,1): 1
V(6,2,2,2,1,1,1,1,1): 4
V(6,2,2,2,2,1,1,1): 5
V(6,2,2,2,2,2,1): 2
V(6,3,1,1,1,1,1,1,1,1): 3
V(6,3,2,1,1,1,1,1,1): 20
V(6,3,2,2,1,1,1,1): 47
V(6,3,2,2,2,1,1): 53
V(6,3,2,2,2,2): 23
V(6,3,3,1,1,1,1,1): 42
V(6,3,3,2,1,1,1): 101
V(6,3,3,2,2,1): 95
V(6,3,3,3,1,1): 68
V(6,3,3,3,2): 47
V(6,4,1,1,1,1,1,1,1): 16
V(6,4,2,1,1,1,1,1): 85
V(6,4,2,2,1,1,1): 181
V(6,4,2,2,2,1): 169
V(6,4,3,1,1,1,1): 176
V(6,4,3,2,1,1): 374
V(6,4,3,2,2): 216
V(6,4,3,3,1): 201
V(6,4,4,1,1,1): 178
V(6,4,4,2,1): 291
V(6,4,4,3): 107
V(6,5,1,1,1,1,1,1): 33
V(6,5,2,1,1,1,1): 160
V(6,5,2,2,1,1): 291
V(6,5,2,2,2): 162
V(6,5,3,1,1,1): 285
V(6,5,3,2,1): 453
V(6,5,3,3): 135
V(6,5,4,1,1): 264
V(6,5,4,2): 235
V(6,5,5,1): 84
V(6,6,1,1,1,1,1): 29
V(6,6,2,1,1,1): 121
V(6,6,2,2,1): 157
V(6,6,3,1,1): 159
V(6,6,3,2): 134
V(6,6,4,1): 96
V(6,6,5): 17
V(7,2,1,1,1,1,1,1,1,1): 8
V(7,2,2,1,1,1,1,1,1): 23
V(7,2,2,2,1,1,1,1): 33
V(7,2,2,2,2,1,1): 22
V(7,2,2,2,2,2): 5
V(7,3,1,1,1,1,1,1,1): 37
V(7,3,2,1,1,1,1,1): 115
V(7,3,2,2,1,1,1): 156
V(7,3,2,2,2,1): 100
V(7,3,3,1,1,1,1): 125
V(7,3,3,2,1,1): 182
V(7,3,3,2,2): 80
V(7,3,3,3,1): 70
V(7,4,1,1,1,1,1,1): 77
V(7,4,2,1,1,1,1): 250
V(7,4,2,2,1,1): 313
V(7,4,2,2,2): 139
V(7,4,3,1,1,1): 303
V(7,4,3,2,1): 361
V(7,4,3,3): 87
V(7,4,4,1,1): 171
V(7,4,4,2): 129
V(7,5,1,1,1,1,1): 90
V(7,5,2,1,1,1): 277
V(7,5,2,2,1): 284
V(7,5,3,1,1): 295
V(7,5,3,2): 210
V(7,5,4,1): 146
V(7,5,5): 19
V(7,6,1,1,1,1): 58
V(7,6,2,1,1): 146
V(7,6,2,2): 88
V(7,6,3,1): 108
V(7,6,4): 29
V(7,7,1,1,1): 16
V(7,7,2,1): 27
V(7,7,3): 9
V(8,1,1,1,1,1,1,1,1,1): 10
V(8,2,1,1,1,1,1,1,1): 43
V(8,2,2,1,1,1,1,1): 74
V(8,2,2,2,1,1,1): 63
V(8,2,2,2,2,1): 24
V(8,3,1,1,1,1,1,1): 96
V(8,3,2,1,1,1,1): 191
V(8,3,2,2,1,1): 155
V(8,3,2,2,2): 48
V(8,3,3,1,1,1): 125
V(8,3,3,2,1): 101
V(8,3,3,3): 19
V(8,4,1,1,1,1,1): 122
V(8,4,2,1,1,1): 240
V(8,4,2,2,1): 168
V(8,4,3,1,1): 170
V(8,4,3,2): 93
V(8,4,4,1): 52
V(8,5,1,1,1,1): 87
V(8,5,2,1,1): 157
V(8,5,2,2): 74
V(8,5,3,1): 92
V(8,5,4): 19
V(8,6,1,1,1): 36
V(8,6,2,1): 49
V(8,6,3): 16
V(8,7,1,1): 8
V(8,7,2): 5
V(9,1,1,1,1,1,1,1,1): 26
V(9,2,1,1,1,1,1,1): 68
V(9,2,2,1,1,1,1): 74
V(9,2,2,2,1,1): 36
V(9,2,2,2,2): 7
V(9,3,1,1,1,1,1): 88
V(9,3,2,1,1,1): 107
V(9,3,2,2,1): 46
V(9,3,3,1,1): 42
V(9,3,3,2): 15
V(9,4,1,1,1,1): 68
V(9,4,2,1,1): 75
V(9,4,2,2): 24
V(9,4,3,1): 29
V(9,4,4): 4
V(9,5,1,1,1): 31
V(9,5,2,1): 28
V(9,5,3): 7
V(9,6,1,1): 8
V(9,6,2): 5
V(9,7,1): 1
V(10,1,1,1,1,1,1,1): 22
V(10,2,1,1,1,1,1): 37
V(10,2,2,1,1,1): 23
V(10,2,2,2,1): 5
V(10,3,1,1,1,1): 29
V(10,3,2,1,1): 18
V(10,3,2,2): 2
V(10,3,3,1): 4
V(10,4,1,1,1): 13
V(10,4,2,1): 6
V(10,4,3): 1
V(10,5,1,1): 4
V(10,5,2): 1
V(10,6,1): 1
V(11,1,1,1,1,1,1): 6
V(11,2,1,1,1,1): 6
V(11,2,2,1,1): 1
V(11,3,1,1,1): 3
V(11,4,1,1): 1
V(3,3,2,2,2,2,1,1): 1
V(3,3,3,2,1,1,1,1,1): 1
V(3,3,3,2,2,1,1,1): 6
V(3,3,3,2,2,2,1): 8
V(3,3,3,3,1,1,1,1): 4
V(3,3,3,3,2,1,1): 13
V(3,3,3,3,2,2): 9
V(3,3,3,3,3,1): 7
V(4,2,2,2,2,1,1,1,1): 1
V(4,2,2,2,2,2,1,1): 1
V(4,2,2,2,2,2,2): 1
V(4,3,2,1,1,1,1,1,1,1): 1
V(4,3,2,2,1,1,1,1,1): 9
V(4,3,2,2,2,1,1,1): 30
V(4,3,2,2,2,2,1): 33
V(4,3,3,1,1,1,1,1,1): 14
V(4,3,3,2,1,1,1,1): 63
V(4,3,3,2,2,1,1): 122
V(4,3,3,2,2,2): 68
V(4,3,3,3,1,1,1): 81
V(4,3,3,3,2,1): 130
V(4,3,3,3,3): 36
V(4,4,1,1,1,1,1,1,1,1): 2
V(4,4,2,1,1,1,1,1,1): 19
V(4,4,2,2,1,1,1,1): 82
V(4,4,2,2,2,1,1): 138
V(4,4,2,2,2,2): 79
V(4,4,3,1,1,1,1,1): 85
V(4,4,3,2,1,1,1): 308
V(4,4,3,2,2,1): 372
V(4,4,3,3,1,1): 290
V(4,4,3,3,2): 223
V(4,4,4,1,1,1,1): 134
V(4,4,4,2,1,1): 346
V(4,4,4,2,2): 231
V(4,4,4,3,1): 265
V(4,4,4,4): 50
V(5,2,2,1,1,1,1,1,1,1): 3
V(5,2,2,2,1,1,1,1,1): 16
V(5,2,2,2,2,1,1,1): 27
V(5,2,2,2,2,2,1): 24
V(5,3,1,1,1,1,1,1,1,1): 9
V(5,3,2,1,1,1,1,1,1): 63
V(5,3,2,2,1,1,1,1): 183
V(5,3,2,2,2,1,1): 263
V(5,3,2,2,2,2): 132
V(5,3,3,1,1,1,1,1): 156
V(5,3,3,2,1,1,1): 467
V(5,3,3,2,2,1): 512
V(5,3,3,3,1,1): 370
V(5,3,3,3,2): 278
V(5,4,1,1,1,1,1,1,1): 46
V(5,4,2,1,1,1,1,1): 280
V(5,4,2,2,1,1,1): 670
V(5,4,2,2,2,1): 687
V(5,4,3,1,1,1,1): 655
V(5,4,3,2,1,1): 1541
V(5,4,3,2,2): 932
V(5,4,3,3,1): 890
V(5,4,4,1,1,1): 644
V(5,4,4,2,1): 1114
V(5,4,4,3): 423
V(5,5,1,1,1,1,1,1): 90
V(5,5,2,1,1,1,1): 455
V(5,5,2,2,1,1): 849
V(5,5,2,2,2): 469
V(5,5,3,1,1,1): 872
V(5,5,3,2,1): 1412
V(5,5,3,3): 436
V(5,5,4,1,1): 771
V(5,5,4,2): 681
V(5,5,5,1): 226
V(6,2,1,1,1,1,1,1,1,1): 18
V(6,2,2,1,1,1,1,1,1): 69
V(6,2,2,2,1,1,1,1): 136
V(6,2,2,2,2,1,1): 141
V(6,2,2,2,2,2): 62
V(6,3,1,1,1,1,1,1,1): 103
V(6,3,2,1,1,1,1,1): 411
V(6,3,2,2,1,1,1): 752
V(6,3,2,2,2,1): 648
V(6,3,3,1,1,1,1): 584
V(6,3,3,2,1,1): 1145
V(6,3,3,2,2): 625
V(6,3,3,3,1): 555
V(6,4,1,1,1,1,1,1): 261
V(6,4,2,1,1,1,1): 1054
V(6,4,2,2,1,1): 1657
V(6,4,2,2,2): 874
V(6,4,3,1,1,1): 1615
V(6,4,3,2,1): 2359
V(6,4,3,3): 660
V(6,4,4,1,1): 1021
V(6,4,4,2): 881
V(6,5,1,1,1,1,1): 370
V(6,5,2,1,1,1): 1328
V(6,5,2,2,1): 1554
V(6,5,3,1,1): 1708
V(6,5,3,2): 1359
V(6,5,4,1): 918
V(6,5,5): 128
V(6,6,1,1,1,1): 247
V(6,6,2,1,1): 674
V(6,6,2,2): 441
V(6,6,3,1): 593
V(6,6,4): 173
V(7,1,1,1,1,1,1,1,1,1): 20
V(7,2,1,1,1,1,1,1,1): 115
V(7,2,2,1,1,1,1,1): 277
V(7,2,2,2,1,1,1): 348
V(7,2,2,2,2,1): 234
V(7,3,1,1,1,1,1,1): 335
V(7,3,2,1,1,1,1): 938
V(7,3,2,2,1,1): 1138
V(7,3,2,2,2): 511
V(7,3,3,1,1,1): 893
V(7,3,3,2,1): 1070
V(7,3,3,3): 253
V(7,4,1,1,1,1,1): 568
V(7,4,2,1,1,1): 1556
V(7,4,2,2,1): 1546
V(7,4,3,1,1): 1573
V(7,4,3,2): 1132
V(7,4,4,1): 604
V(7,5,1,1,1,1): 568
V(7,5,2,1,1): 1358
V(7,5,2,2): 797
V(7,5,3,1): 1063
V(7,5,4): 267
V(7,6,1,1,1): 313
V(7,6,2,1): 537
V(7,6,3): 225
V(7,7,1,1): 74
V(7,7,2): 61
V(8,1,1,1,1,1,1,1,1): 66
V(8,2,1,1,1,1,1,1): 248
V(8,2,2,1,1,1,1): 412
V(8,2,2,2,1,1): 347
V(8,2,2,2,2): 126
V(8,3,1,1,1,1,1): 462
V(8,3,2,1,1,1): 901
V(8,3,2,2,1): 686
V(8,3,3,1,1): 571
V(8,3,3,2): 340
V(8,4,1,1,1,1): 535
V(8,4,2,1,1): 970
V(8,4,2,2): 495
V(8,4,3,1): 604
V(8,4,4): 113
V(8,5,1,1,1): 375
V(8,5,2,1): 542
V(8,5,3): 202
V(8,6,1,1): 146
V(8,6,2): 123
V(8,7,1): 27
V(8,8): 1
V(9,1,1,1,1,1,1,1): 81
V(9,2,1,1,1,1,1): 228
V(9,2,2,1,1,1): 252
V(9,2,2,2,1): 135
V(9,3,1,1,1,1): 290
V(9,3,2,1,1): 365
V(9,3,2,2): 144
V(9,3,3,1): 142
V(9,4,1,1,1): 220
V(9,4,2,1): 248
V(9,4,3): 76
V(9,5,1,1): 107
V(9,5,2): 76
V(9,6,1): 30
V(9,7): 3
V(10,1,1,1,1,1,1): 46
V(10,2,1,1,1,1): 89
V(10,2,2,1,1): 60
V(10,2,2,2): 16
V(10,3,1,1,1): 78
V(10,3,2,1): 54
V(10,3,3): 10
V(10,4,1,1): 39
V(10,4,2): 21
V(10,5,1): 13
V(10,6): 3
V(11,1,1,1,1,1): 11
V(11,2,1,1,1): 12
V(11,2,2,1): 4
V(11,3,1,1): 6
V(11,3,2): 1
V(11,4,1): 3
V(11,5): 1
V(3,2,2,2,2,1,1,1,1): 4
V(3,2,2,2,2,2,1,1): 8
V(3,2,2,2,2,2,2): 4
V(3,3,2,1,1,1,1,1,1,1): 3
V(3,3,2,2,1,1,1,1,1): 25
V(3,3,2,2,2,1,1,1): 70
V(3,3,2,2,2,2,1): 72
V(3,3,3,1,1,1,1,1,1): 26
V(3,3,3,2,1,1,1,1): 120
V(3,3,3,2,2,1,1): 221
V(3,3,3,2,2,2): 122
V(3,3,3,3,1,1,1): 144
V(3,3,3,3,2,1): 218
V(3,3,3,3,3): 57
V(4,2,2,1,1,1,1,1,1,1): 9
V(4,2,2,2,1,1,1,1,1): 46
V(4,2,2,2,2,1,1,1): 100
V(4,2,2,2,2,2,1): 96
V(4,3,1,1,1,1,1,1,1,1): 18
V(4,3,2,1,1,1,1,1,1): 154
V(4,3,2,2,1,1,1,1): 499
V(4,3,2,2,2,1,1): 756
V(4,3,2,2,2,2): 391
V(4,3,3,1,1,1,1,1): 402
V(4,3,3,2,1,1,1): 1250
V(4,3,3,2,2,1): 1398
V(4,3,3,3,1,1): 989
V(4,3,3,3,2): 739
V(4,4,1,1,1,1,1,1,1): 87
V(4,4,2,1,1,1,1,1): 547
V(4,4,2,2,1,1,1): 1320
V(4,4,2,2,2,1): 1355
V(4,4,3,1,1,1,1): 1248
V(4,4,3,2,1,1): 2889
V(4,4,3,2,2): 1740
V(4,4,3,3,1): 1616
V(4,4,4,1,1,1): 1045
V(4,4,4,2,1): 1762
V(4,4,4,3): 645
V(5,2,1,1,1,1,1,1,1,1): 37
V(5,2,2,1,1,1,1,1,1): 177
V(5,2,2,2,1,1,1,1): 429
V(5,2,2,2,2,1,1): 553
V(5,2,2,2,2,2): 268
V(5,3,1,1,1,1,1,1,1): 241
V(5,3,2,1,1,1,1,1): 1166
V(5,3,2,2,1,1,1): 2476
V(5,3,2,2,2,1): 2369
V(5,3,3,1,1,1,1): 1896
V(5,3,3,2,1,1): 4064
V(5,3,3,2,2): 2350
V(5,3,3,3,1): 2056
V(5,4,1,1,1,1,1,1): 670
V(5,4,2,1,1,1,1): 2996
V(5,4,2,2,1,1): 5096
V(5,4,2,2,2): 2765
V(5,4,3,1,1,1): 4893
V(5,4,3,2,1): 7449
V(5,4,3,3): 2126
V(5,4,4,1,1): 3013
V(5,4,4,2): 2597
V(5,5,1,1,1,1,1): 830
V(5,5,2,1,1,1): 3083
V(5,5,2,2,1): 3694
V(5,5,3,1,1): 4050
V(5,5,3,2): 3258
V(5,5,4,1): 2084
V(5,5,5): 274
V(6,1,1,1,1,1,1,1,1,1): 36
V(6,2,1,1,1,1,1,1,1): 273
V(6,2,2,1,1,1,1,1): 825
V(6,2,2,2,1,1,1): 1351
V(6,2,2,2,2,1): 1124
V(6,3,1,1,1,1,1,1): 969
V(6,3,2,1,1,1,1): 3372
V(6,3,2,2,1,1): 4993
V(6,3,2,2,2): 2541
V(6,3,3,1,1,1): 3852
V(6,3,3,2,1): 5336
V(6,3,3,3): 1362
V(6,4,1,1,1,1,1): 1920
V(6,4,2,1,1,1): 6252
V(6,4,2,2,1): 7021
V(6,4,3,1,1): 7163
V(6,4,3,2): 5561
V(6,4,4,1): 2857
V(6,5,1,1,1,1): 2105
V(6,5,2,1,1): 5576
V(6,5,2,2): 3503
V(6,5,3,1): 4746
V(6,5,4): 1221
V(6,6,1,1,1): 1042
V(6,6,2,1): 1903
V(6,6,3): 850
V(7,1,1,1,1,1,1,1,1): 147
V(7,2,1,1,1,1,1,1): 734
V(7,2,2,1,1,1,1): 1620
V(7,2,2,2,1,1): 1871
V(7,2,2,2,2): 846
V(7,3,1,1,1,1,1): 1792
V(7,3,2,1,1,1): 4579
V(7,3,2,2,1): 4477
V(7,3,3,1,1): 3653
V(7,3,3,2): 2587
V(7,4,1,1,1,1): 2601
V(7,4,2,1,1): 5980
V(7,4,2,2): 3516
V(7,4,3,1): 4396
V(7,4,4): 867
V(7,5,1,1,1): 2195
V(7,5,2,1): 3740
V(7,5,3): 1566
V(7,6,1,1): 955
V(7,6,2): 866
V(7,7,1): 160
V(8,1,1,1,1,1,1,1): 248
V(8,2,1,1,1,1,1): 942
V(8,2,2,1,1,1): 1528
V(8,2,2,2,1): 1181
V(8,3,1,1,1,1): 1677
V(8,3,2,1,1): 3032
V(8,3,2,2): 1577
V(8,3,3,1): 1566
V(8,4,1,1,1): 1758
V(8,4,2,1): 2623
V(8,4,3): 962
V(8,5,1,1): 1071
V(8,5,2): 910
V(8,6,1): 329
V(8,7): 35
V(9,1,1,1,1,1,1): 212
V(9,2,1,1,1,1): 611
V(9,2,2,1,1): 696
V(9,2,2,2): 295
V(9,3,1,1,1): 795
V(9,3,2,1): 932
V(9,3,3): 245
V(9,4,1,1): 588
V(9,4,2): 448
V(9,5,1): 242
V(9,6): 42
V(10,1,1,1,1,1): 94
V(10,2,1,1,1): 192
V(10,2,2,1): 139
V(10,3,1,1): 177
V(10,3,2): 104
V(10,4,1): 90
V(10,5): 22
V(11,1,1,1,1): 18
V(11,2,1,1): 23
V(11,2,2): 8
V(11,3,1): 13
V(11,4): 5
V(2,2,2,2,1,1,1,1,1,1): 1
V(2,2,2,2,2,1,1,1,1): 8
V(2,2,2,2,2,2,1,1): 13
V(2,2,2,2,2,2,2): 8
V(3,2,2,1,1,1,1,1,1,1): 17
V(3,2,2,2,1,1,1,1,1): 96
V(3,2,2,2,2,1,1,1): 208
V(3,2,2,2,2,2,1): 197
V(3,3,1,1,1,1,1,1,1,1): 25
V(3,3,2,1,1,1,1,1,1): 223
V(3,3,2,2,1,1,1,1): 700
V(3,3,2,2,2,1,1): 1040
V(3,3,2,2,2,2): 527
V(3,3,3,1,1,1,1,1): 503
V(3,3,3,2,1,1,1): 1514
V(3,3,3,2,2,1): 1648
V(3,3,3,3,1,1): 1111
V(3,3,3,3,2): 819
V(4,2,1,1,1,1,1,1,1,1): 65
V(4,2,2,1,1,1,1,1,1): 365
V(4,2,2,2,1,1,1,1): 986
V(4,2,2,2,2,1,1): 1336
V(4,2,2,2,2,2): 666
V(4,3,1,1,1,1,1,1,1): 444
V(4,3,2,1,1,1,1,1): 2318
V(4,3,2,2,1,1,1): 5099
V(4,3,2,2,2,1): 4962
V(4,3,3,1,1,1,1): 3727
V(4,3,3,2,1,1): 8029
V(4,3,3,2,2): 4640
V(4,3,3,3,1): 3964
V(4,4,1,1,1,1,1,1): 1013
V(4,4,2,1,1,1,1): 4561
V(4,4,2,2,1,1): 7722
V(4,4,2,2,2): 4206
V(4,4,3,1,1,1): 7112
V(4,4,3,2,1): 10690
V(4,4,3,3): 2956
V(4,4,4,1,1): 3824
V(4,4,4,2): 3275
V(5,1,1,1,1,1,1,1,1,1): 62
V(5,2,1,1,1,1,1,1,1): 559
V(5,2,2,1,1,1,1,1): 1994
V(5,2,2,2,1,1,1): 3693
V(5,2,2,2,2,1): 3319
V(5,3,1,1,1,1,1,1): 2216
V(5,3,2,1,1,1,1): 8592
V(5,3,2,2,1,1): 13632
V(5,3,2,2,2): 7166
V(5,3,3,1,1,1): 10297
V(5,3,3,2,1): 14741
V(5,3,3,3): 3782
V(5,4,1,1,1,1,1): 4404
V(5,4,2,1,1,1): 15087
V(5,4,2,2,1): 17443
V(5,4,3,1,1): 17478
V(5,4,3,2): 13699
V(5,4,4,1): 6660
V(5,5,1,1,1,1): 3910
V(5,5,2,1,1): 10542
V(5,5,2,2): 6659
V(5,5,3,1): 8907
V(5,5,4): 2181
V(6,1,1,1,1,1,1,1,1): 299
V(6,2,1,1,1,1,1,1): 1827
V(6,2,2,1,1,1,1): 4847
V(6,2,2,2,1,1): 6490
V(6,2,2,2,2): 3201
V(6,3,1,1,1,1,1): 5220
V(6,3,2,1,1,1): 15313
V(6,3,2,2,1): 16416
V(6,3,3,1,1): 13292
V(6,3,3,2): 9882
V(6,4,1,1,1,1): 8244
V(6,4,2,1,1): 20649
V(6,4,2,2): 12736
V(6,4,3,1): 15882
V(6,4,4): 3130
V(6,5,1,1,1): 6905
V(6,5,2,1): 12337
V(6,5,3): 5287
V(6,6,1,1): 2472
V(6,6,2): 2318
V(7,1,1,1,1,1,1,1): 630
V(7,2,1,1,1,1,1): 3033
V(7,2,2,1,1,1): 6100
V(7,2,2,2,1): 5604
V(7,3,1,1,1,1): 6599
V(7,3,2,1,1): 14095
V(7,3,2,2): 8096
V(7,3,3,1): 8072
V(7,4,1,1,1): 7922
V(7,4,2,1): 13162
V(7,4,3): 5111
V(7,5,1,1): 5128
V(7,5,2): 4620
V(7,6,1): 1537
V(7,7): 135
V(8,1,1,1,1,1,1): 732
V(8,2,1,1,1,1): 2773
V(8,2,2,1,1): 4106
V(8,2,2,2): 2076
V(8,3,1,1,1): 4579
V(8,3,2,1): 6513
V(8,3,3): 1904
V(8,4,1,1): 3989
V(8,4,2): 3385
V(8,5,1): 1745
V(8,6): 292
V(9,1,1,1,1,1): 491
V(9,2,1,1,1): 1401
V(9,2,2,1): 1412
V(9,3,1,1): 1688
V(9,3,2): 1251
V(9,4,1): 990
V(9,5): 229
V(10,1,1,1,1): 180
V(10,2,1,1): 365
V(10,2,2): 197
V(10,3,1): 294
V(10,4): 95
V(11,1,1,1): 28
V(11,2,1): 37
V(11,3): 17
V(2,2,2,1,1,1,1,1,1,1): 19
V(2,2,2,2,1,1,1,1,1): 93
V(2,2,2,2,2,1,1,1): 182
V(2,2,2,2,2,2,1): 167
V(3,2,1,1,1,1,1,1,1,1): 90
V(3,2,2,1,1,1,1,1,1): 524
V(3,2,2,2,1,1,1,1): 1387
V(3,2,2,2,2,1,1): 1857
V(3,2,2,2,2,2): 911
V(3,3,1,1,1,1,1,1,1): 484
V(3,3,2,1,1,1,1,1): 2426
V(3,3,2,2,1,1,1): 5184
V(3,3,2,2,2,1): 4945
V(3,3,3,1,1,1,1): 3449
V(3,3,3,2,1,1): 7171
V(3,3,3,2,2): 4077
V(3,3,3,3,1): 3328
V(4,1,1,1,1,1,1,1,1,1): 92
V(4,2,1,1,1,1,1,1,1): 931
V(4,2,2,1,1,1,1,1): 3516
V(4,2,2,2,1,1,1): 6698
V(4,2,2,2,2,1): 6092
V(4,3,1,1,1,1,1,1): 3556
V(4,3,2,1,1,1,1): 13929
V(4,3,2,2,1,1): 22135
V(4,3,2,2,2): 11647
V(4,3,3,1,1,1): 16007
V(4,3,3,2,1): 22714
V(4,3,3,3): 5667
V(4,4,1,1,1,1,1): 5472
V(4,4,2,1,1,1): 18424
V(4,4,2,2,1): 21110
V(4,4,3,1,1): 20241
V(4,4,3,2): 15701
V(4,4,4,1): 6867
V(5,1,1,1,1,1,1,1,1): 530
V(5,2,1,1,1,1,1,1): 3665
V(5,2,2,1,1,1,1): 10540
V(5,2,2,2,1,1): 14862
V(5,2,2,2,2): 7474
V(5,3,1,1,1,1,1): 10901
V(5,3,2,1,1,1): 33257
V(5,3,2,2,1): 36438
V(5,3,3,1,1): 28868
V(5,3,3,2): 21634
V(5,4,1,1,1,1): 16198
V(5,4,2,1,1): 41148
V(5,4,2,2): 25484
V(5,4,3,1): 31201
V(5,4,4): 5834
V(5,5,1,1,1): 10577
V(5,5,2,1): 18892
V(5,5,3): 7951
V(6,1,1,1,1,1,1,1): 1369
V(6,2,1,1,1,1,1): 7533
V(6,2,2,1,1,1): 16800
V(6,2,2,2,1): 16425
V(6,3,1,1,1,1): 17769
V(6,3,2,1,1): 40355
V(6,3,2,2): 23916
V(6,3,3,1): 23703
V(6,4,1,1,1): 21642
V(6,4,2,1): 37077
V(6,4,3): 14503
V(6,5,1,1): 13147
V(6,5,2): 12028
V(6,6,1): 3110
V(7,1,1,1,1,1,1): 2019
V(7,2,1,1,1,1): 8924
V(7,2,2,1,1): 14913
V(7,2,2,2): 8012
V(7,3,1,1,1): 16369
V(7,3,2,1): 25063
V(7,3,3): 7598
V(7,4,1,1): 14979
V(7,4,2): 13141
V(7,5,1): 6492
V(7,6): 994
V(8,1,1,1,1,1): 1805
V(8,2,1,1,1): 6218
V(8,2,2,1): 7124
V(8,3,1,1): 8433
V(8,3,2): 6703
V(8,4,1): 5179
V(8,5): 1173
V(9,1,1,1,1): 972
V(9,2,1,1): 2467
V(9,2,2): 1516
V(9,3,1): 2236
V(9,4): 709
V(10,1,1,1): 293
V(10,2,1): 494
V(10,3): 232
V(11,1,1): 38
V(11,2): 34
V(2,2,1,1,1,1,1,1,1,1): 73
V(2,2,2,1,1,1,1,1,1): 364
V(2,2,2,2,1,1,1,1): 884
V(2,2,2,2,2,1,1): 1121
V(2,2,2,2,2,2): 543
V(3,1,1,1,1,1,1,1,1,1): 114
V(3,2,1,1,1,1,1,1,1): 1078
V(3,2,2,1,1,1,1,1): 3892
V(3,2,2,2,1,1,1): 7193
V(3,2,2,2,2,1): 6424
V(3,3,1,1,1,1,1,1): 3085
V(3,3,2,1,1,1,1): 11404
V(3,3,2,2,1,1): 17559
V(3,3,2,2,2): 9085
V(3,3,3,1,1,1): 11635
V(3,3,3,2,1): 16007
V(3,3,3,3): 3799
V(4,1,1,1,1,1,1,1,1): 771
V(4,2,1,1,1,1,1,1): 5390
V(4,2,2,1,1,1,1): 15514
V(4,2,2,2,1,1): 21808
V(4,2,2,2,2): 10960
V(4,3,1,1,1,1,1): 14722
V(4,3,2,1,1,1): 44121
V(4,3,2,2,1): 47874
V(4,3,3,1,1): 36384
V(4,3,3,2): 26952
V(4,4,1,1,1,1): 16593
V(4,4,2,1,1): 41081
V(4,4,2,2): 25210
V(4,4,3,1): 29584
V(4,4,4): 4995
V(5,1,1,1,1,1,1,1): 2386
V(5,2,1,1,1,1,1): 13748
V(5,2,2,1,1,1): 31439
V(5,2,2,2,1): 31133
V(5,3,1,1,1,1): 31981
V(5,3,2,1,1): 73029
V(5,3,2,2): 43370
V(5,3,3,1): 42125
V(5,4,1,1,1): 35623
V(5,4,2,1): 60754
V(5,4,3): 23256
V(5,5,1,1): 16605
V(5,5,2): 15058
V(6,1,1,1,1,1,1): 4313
V(6,2,1,1,1,1): 20341
V(6,2,2,1,1): 35382
V(6,2,2,2): 19392
V(6,3,1,1,1): 38076
V(6,3,2,1): 59407
V(6,3,3): 18003
V(6,4,1,1): 33956
V(6,4,2): 30002
V(6,5,1): 13481
V(6,6): 1603
V(7,1,1,1,1,1): 4865
V(7,2,1,1,1): 18108
V(7,2,2,1): 21770
V(7,3,1,1): 25480
V(7,3,2): 20723
V(7,4,1): 15632
V(7,5): 3399
V(8,1,1,1,1): 3442
V(8,2,1,1): 9539
V(8,2,2): 6142
V(8,3,1): 8995
V(8,4): 2835
V(9,1,1,1): 1472
V(9,2,1): 2739
V(9,3): 1314
V(10,1,1): 346
V(10,2): 330
V(11,1): 34
V(2,1,1,1,1,1,1,1,1,1): 97
V(2,2,1,1,1,1,1,1,1): 647
V(2,2,2,1,1,1,1,1): 2040
V(2,2,2,2,1,1,1): 3493
V(2,2,2,2,2,1): 3008
V(3,1,1,1,1,1,1,1,1): 815
V(3,2,1,1,1,1,1,1): 5106
V(3,2,2,1,1,1,1): 13835
V(3,2,2,2,1,1): 18828
V(3,2,2,2,2): 9310
V(3,3,1,1,1,1,1): 10376
V(3,3,2,1,1,1): 29349
V(3,3,2,2,1): 30904
V(3,3,3,1,1): 21611
V(3,3,3,2): 15627
V(4,1,1,1,1,1,1,1): 3105
V(4,2,1,1,1,1,1): 17252
V(4,2,2,1,1,1): 38584
V(4,2,2,2,1): 37764
V(4,3,1,1,1,1): 36147
V(4,3,2,1,1): 80412
V(4,3,2,2): 47222
V(4,3,3,1): 44058
V(4,4,1,1,1): 30394
V(4,4,2,1): 50583
V(4,4,3): 18488
V(5,1,1,1,1,1,1): 6851
V(5,2,1,1,1,1): 32234
V(5,2,2,1,1): 56009
V(5,2,2,2): 30636
V(5,3,1,1,1): 57986
V(5,3,2,1): 89773
V(5,3,3): 26609
V(5,4,1,1): 46791
V(5,4,2): 40925
V(5,5,1): 14175
V(6,1,1,1,1,1): 9460
V(6,2,1,1,1): 35851
V(6,2,2,1): 43507
V(6,3,1,1): 49938
V(6,3,2): 40695
V(6,4,1): 29371
V(6,5): 5799
V(7,1,1,1,1): 8325
V(7,2,1,1): 23759
V(7,2,2): 15479
V(7,3,1): 22475
V(7,4): 6927
V(8,1,1,1): 4581
V(8,2,1): 8776
V(8,3): 4220
V(9,1,1): 1481
V(9,2): 1441
V(10,1): 243
V(11): 13
V(1,1,1,1,1,1,1,1,1,1): 42
V(2,1,1,1,1,1,1,1,1): 538
V(2,2,1,1,1,1,1,1): 2440
V(2,2,2,1,1,1,1): 5807
V(2,2,2,2,1,1): 7401
V(2,2,2,2,2): 3570
V(3,1,1,1,1,1,1,1): 2749
V(3,2,1,1,1,1,1): 13541
V(3,2,2,1,1,1): 28533
V(3,2,2,2,1): 27103
V(3,3,1,1,1,1): 21218
V(3,3,2,1,1): 44692
V(3,3,2,2): 25612
V(3,3,3,1): 22036
V(4,1,1,1,1,1,1): 7685
V(4,2,1,1,1,1): 34334
V(4,2,2,1,1): 58007
V(4,2,2,2): 31363
V(4,3,1,1,1): 55394
V(4,3,2,1): 83581
V(4,3,3): 23637
V(4,4,1,1): 33838
V(4,4,2): 29021
V(5,1,1,1,1,1): 13116
V(5,2,1,1,1): 48679
V(5,2,2,1): 58442
V(5,3,1,1): 64590
V(5,3,2): 52075
V(5,4,1): 34283
V(5,5): 5165
V(6,1,1,1,1): 14143
V(6,2,1,1): 40185
V(6,2,2): 26150
V(6,3,1): 37204
V(6,4): 10948
V(7,1,1,1): 9579
V(7,2,1): 18433
V(7,3): 8777
V(8,1,1): 3896
V(8,2): 3810
V(9,1): 851
V(10): 73
V(1,1,1,1,1,1,1,1,1): 170
V(2,1,1,1,1,1,1,1): 1463
V(2,2,1,1,1,1,1): 5323
V(2,2,2,1,1,1): 9932
V(2,2,2,2,1): 8947
V(3,1,1,1,1,1,1): 5725
V(3,2,1,1,1,1): 22773
V(3,2,2,1,1): 36414
V(3,2,2,2): 19224
V(3,3,1,1,1): 27692
V(3,3,2,1): 39764
V(3,3,3): 10223
V(4,1,1,1,1,1): 12641
V(4,2,1,1,1): 44417
V(4,2,2,1): 51945
V(4,3,1,1): 52989
V(4,3,2): 41827
V(4,4,1): 21438
V(5,1,1,1,1): 16963
V(5,2,1,1): 46975
V(5,2,2): 30203
V(5,3,1): 41390
V(5,4): 11014
V(6,1,1,1): 14069
V(6,2,1): 26764
V(6,3): 12445
V(7,1,1): 6995
V(7,2): 6799
V(8,1): 1888
V(9): 209
V(1,1,1,1,1,1,1,1): 348
V(2,1,1,1,1,1,1): 2537
V(2,2,1,1,1,1): 7545
V(2,2,2,1,1): 10815
V(2,2,2,2): 5490
V(3,1,1,1,1,1): 8061
V(3,2,1,1,1): 25392
V(3,2,2,1): 28280
V(3,3,1,1): 23003
V(3,3,2): 17433
V(4,1,1,1,1): 14175
V(4,2,1,1): 37261
V(4,2,2): 23461
V(4,3,1): 29685
V(4,4): 6078
V(5,1,1,1): 14700
V(5,2,1): 27257
V(5,3): 12101
V(6,1,1): 8930
V(6,2): 8587
V(7,1): 2929
V(8): 396
V(1,1,1,1,1,1,1): 490
V(2,1,1,1,1,1): 3051
V(2,2,1,1,1): 7267
V(2,2,2,1): 7367
V(3,1,1,1,1): 7883
V(3,2,1,1): 18691
V(3,2,2): 11311
V(3,3,1): 11406
V(4,1,1,1): 10786
V(4,2,1): 19099
V(4,3): 7729
V(5,1,1): 8217
V(5,2): 7727
V(6,1): 3290
V(7): 537
V(1,1,1,1,1,1): 510
V(2,1,1,1,1): 2608
V(2,2,1,1): 4741
V(2,2,2): 2659
V(3,1,1,1): 5308
V(3,2,1): 8550
V(3,3): 2688
V(4,1,1): 5365
V(4,2): 4859
V(5,1): 2694
V(6): 539
V(1,1,1,1,1): 390
V(2,1,1,1): 1567
V(2,2,1): 1971
V(3,1,1): 2364
V(3,2): 1978
V(4,1): 1584
V(5): 397
V(1,1,1,1): 212
V(2,1,1): 633
V(2,2): 425
V(3,1): 634
V(4): 212
V(1,1,1): 78
V(2,1): 156
V(3): 79
V(1,1): 18
V(2): 18
V(1): 2
