V(6,5,5,5,1): 1
V(6,6,5,3,2): 1
V(7,5,5,3,1,1): 1
V(7,6,4,2,2,1): 1
V(7,7,2,2,2,2): 1
V(8,5,4,2,1,1,1): 1
V(8,6,2,2,2,1,1): 1
V(9,4,4,1,1,1,1,1): 1
V(9,5,2,2,1,1,1,1): 1
V(10,4,2,1,1,1,1,1,1): 1
V(11,3,1,1,1,1,1,1,1,1): 1
V(12,1,1,1,1,1,1,1,1,1,1): 1
V(5,5,5,3,2,1): 1
V(5,5,5,4,1,1): 1
V(5,5,5,4,2): 1
V(5,5,5,5,1): 2
V(6,5,4,2,2,1,1): 1
V(6,5,4,2,2,2): 1
V(6,5,4,3,1,1,1): 1
V(6,5,4,3,2,1): 2
V(6,5,4,3,3): 1
V(6,5,4,4,1,1): 1
V(6,5,4,4,2): 1
V(6,5,5,2,1,1,1): 1
V(6,5,5,2,2,1): 2
V(6,5,5,3,1,1): 4
V(6,5,5,3,2): 4
V(6,5,5,4,1): 4
V(6,5,5,5): 2
V(6,6,2,2,2,2,1): 1
V(6,6,3,2,2,1,1): 1
V(6,6,3,2,2,2): 1
V(6,6,3,3,2,1): 1
V(6,6,4,2,1,1,1): 1
V(6,6,4,2,2,1): 4
V(6,6,4,3,1,1): 2
V(6,6,4,3,2): 4
V(6,6,4,4,1): 1
V(6,6,5,2,1,1): 2
V(6,6,5,2,2): 3
V(6,6,5,3,1): 4
V(6,6,5,4): 1
V(6,6,6,2,1): 1
V(7,4,4,2,1,1,1,1): 1
V(7,4,4,2,2,1,1): 1
V(7,4,4,3,1,1,1): 1
V(7,4,4,3,2,1): 1
V(7,5,2,2,2,1,1,1): 1
V(7,5,2,2,2,2,1): 1
V(7,5,3,2,1,1,1,1): 1
V(7,5,3,2,2,1,1): 2
V(7,5,3,2,2,2): 1
V(7,5,3,3,1,1,1): 1
V(7,5,3,3,2,1): 1
V(7,5,4,1,1,1,1,1): 1
V(7,5,4,2,1,1,1): 5
V(7,5,4,2,2,1): 5
V(7,5,4,3,1,1): 5
V(7,5,4,3,2): 2
V(7,5,4,4,1): 1
V(7,5,5,1,1,1,1): 1
V(7,5,5,2,1,1): 4
V(7,5,5,2,2): 2
V(7,5,5,3,1): 4
V(7,5,5,4): 1
V(7,6,2,2,1,1,1,1): 1
V(7,6,2,2,2,1,1): 4
V(7,6,2,2,2,2): 3
V(7,6,3,2,1,1,1): 2
V(7,6,3,2,2,1): 5
V(7,6,3,3,1,1): 1
V(7,6,3,3,2): 1
V(7,6,4,1,1,1,1): 1
V(7,6,4,2,1,1): 5
V(7,6,4,2,2): 4
V(7,6,4,3,1): 2
V(7,6,5,1,1,1): 1
V(7,6,5,2,1): 2
V(7,6,5,3): 1
V(7,7,2,2,1,1,1): 1
V(7,7,2,2,2,1): 3
V(7,7,3,2,1,1): 1
V(7,7,3,2,2): 1
V(7,7,4,2,1): 1
V(8,4,2,2,1,1,1,1,1): 1
V(8,4,2,2,2,1,1,1): 1
V(8,4,3,1,1,1,1,1,1): 1
V(8,4,3,2,1,1,1,1): 2
V(8,4,3,2,2,1,1): 1
V(8,4,3,3,1,1,1): 1
V(8,4,4,1,1,1,1,1): 3
V(8,4,4,2,1,1,1): 4
V(8,4,4,2,2,1): 1
V(8,4,4,3,1,1): 1
V(8,5,2,1,1,1,1,1,1): 1
V(8,5,2,2,1,1,1,1): 4
V(8,5,2,2,2,1,1): 4
V(8,5,2,2,2,2): 1
V(8,5,3,1,1,1,1,1): 2
V(8,5,3,2,1,1,1): 5
V(8,5,3,2,2,1): 2
V(8,5,3,3,1,1): 1
V(8,5,4,1,1,1,1): 4
V(8,5,4,2,1,1): 5
V(8,5,4,2,2): 1
V(8,5,4,3,1): 1
V(8,5,5,1,1,1): 1
V(8,5,5,2,1): 1
V(8,6,2,1,1,1,1,1): 1
V(8,6,2,2,1,1,1): 4
V(8,6,2,2,2,1): 4
V(8,6,3,1,1,1,1): 1
V(8,6,3,2,1,1): 2
V(8,6,3,2,2): 1
V(8,6,4,1,1,1): 1
V(8,6,4,2,1): 1
V(8,7,2,2,1,1): 1
V(8,7,2,2,2): 1
V(9,3,2,1,1,1,1,1,1,1): 1
V(9,3,2,2,1,1,1,1,1): 1
V(9,3,3,1,1,1,1,1,1): 1
V(9,3,3,2,1,1,1,1): 1
V(9,4,1,1,1,1,1,1,1,1): 1
V(9,4,2,1,1,1,1,1,1): 4
V(9,4,2,2,1,1,1,1): 4
V(9,4,2,2,2,1,1): 1
V(9,4,3,1,1,1,1,1): 4
V(9,4,3,2,1,1,1): 2
V(9,4,4,1,1,1,1): 3
V(9,4,4,2,1,1): 1
V(9,5,1,1,1,1,1,1,1): 1
V(9,5,2,1,1,1,1,1): 4
V(9,5,2,2,1,1,1): 4
V(9,5,2,2,2,1): 1
V(9,5,3,1,1,1,1): 2
V(9,5,3,2,1,1): 1
V(9,5,4,1,1,1): 1
V(9,6,2,1,1,1,1): 1
V(9,6,2,2,1,1): 1
V(10,2,1,1,1,1,1,1,1,1,1): 1
V(10,2,2,1,1,1,1,1,1,1): 1
V(10,3,1,1,1,1,1,1,1,1): 3
V(10,3,2,1,1,1,1,1,1): 4
V(10,3,2,2,1,1,1,1): 1
V(10,3,3,1,1,1,1,1): 1
V(10,4,1,1,1,1,1,1,1): 3
V(10,4,2,1,1,1,1,1): 4
V(10,4,2,2,1,1,1): 1
V(10,4,3,1,1,1,1): 1
V(10,5,1,1,1,1,1,1): 1
V(10,5,2,1,1,1,1): 1
V(11,1,1,1,1,1,1,1,1,1,1): 2
V(11,2,1,1,1,1,1,1,1,1): 3
V(11,2,2,1,1,1,1,1,1): 1
V(11,3,1,1,1,1,1,1,1): 3
V(11,3,2,1,1,1,1,1): 1
V(11,4,1,1,1,1,1,1): 1
V(12,1,1,1,1,1,1,1,1,1): 2
V(12,2,1,1,1,1,1,1,1): 1
V(5,4,4,2,2,2,1): 1
V(5,4,4,3,1,1,1,1): 1
V(5,4,4,3,2,1,1): 2
V(5,4,4,3,2,2): 2
V(5,4,4,3,3,1): 1
V(5,4,4,4,1,1,1): 1
V(5,4,4,4,2,1): 2
V(5,4,4,4,3): 1
V(5,5,2,2,2,2,2): 1
V(5,5,3,2,2,1,1,1): 1
V(5,5,3,2,2,2,1): 2
V(5,5,3,3,2,1,1): 3
V(5,5,3,3,2,2): 1
V(5,5,3,3,3,1): 2
V(5,5,4,2,1,1,1,1): 2
V(5,5,4,2,2,1,1): 7
V(5,5,4,2,2,2): 6
V(5,5,4,3,1,1,1): 7
V(5,5,4,3,2,1): 16
V(5,5,4,3,3): 5
V(5,5,4,4,1,1): 8
V(5,5,4,4,2): 9
V(5,5,5,2,1,1,1): 6
V(5,5,5,2,2,1): 11
V(5,5,5,3,1,1): 18
V(5,5,5,3,2): 14
V(5,5,5,4,1): 15
V(5,5,5,5): 4
V(6,4,2,2,2,2,1,1): 1
V(6,4,3,2,1,1,1,1,1): 1
V(6,4,3,2,2,1,1,1): 3
V(6,4,3,2,2,2,1): 3
V(6,4,3,3,1,1,1,1): 2
V(6,4,3,3,2,1,1): 4
V(6,4,3,3,2,2): 3
V(6,4,3,3,3,1): 2
V(6,4,4,1,1,1,1,1,1): 1
V(6,4,4,2,1,1,1,1): 6
V(6,4,4,2,2,1,1): 12
V(6,4,4,2,2,2): 6
V(6,4,4,3,1,1,1): 11
V(6,4,4,3,2,1): 17
V(6,4,4,3,3): 5
V(6,4,4,4,1,1): 7
V(6,4,4,4,2): 6
V(6,5,2,2,1,1,1,1,1): 1
V(6,5,2,2,2,1,1,1): 6
V(6,5,2,2,2,2,1): 8
V(6,5,3,1,1,1,1,1,1): 1
V(6,5,3,2,1,1,1,1): 9
V(6,5,3,2,2,1,1): 22
V(6,5,3,2,2,2): 14
V(6,5,3,3,1,1,1): 13
V(6,5,3,3,2,1): 23
V(6,5,3,3,3): 6
V(6,5,4,1,1,1,1,1): 6
V(6,5,4,2,1,1,1): 34
V(6,5,4,2,2,1): 48
V(6,5,4,3,1,1): 48
V(6,5,4,3,2): 42
V(6,5,4,4,1): 23
V(6,5,5,1,1,1,1): 9
V(6,5,5,2,1,1): 37
V(6,5,5,2,2): 28
V(6,5,5,3,1): 44
V(6,5,5,4): 15
V(6,6,2,1,1,1,1,1,1): 1
V(6,6,2,2,1,1,1,1): 5
V(6,6,2,2,2,1,1): 18
V(6,6,2,2,2,2): 9
V(6,6,3,1,1,1,1,1): 3
V(6,6,3,2,1,1,1): 20
V(6,6,3,2,2,1): 34
V(6,6,3,3,1,1): 18
V(6,6,3,3,2): 20
V(6,6,4,1,1,1,1): 10
V(6,6,4,2,1,1): 43
V(6,6,4,2,2): 33
V(6,6,4,3,1): 37
V(6,6,4,4): 7
V(6,6,5,1,1,1): 12
V(6,6,5,2,1): 32
V(6,6,5,3): 17
V(6,6,6,1,1): 4
V(6,6,6,2): 4
V(7,3,2,2,2,1,1,1,1): 1
V(7,3,3,1,1,1,1,1,1,1): 1
V(7,3,3,2,1,1,1,1,1): 2
V(7,3,3,2,2,1,1,1): 3
V(7,3,3,2,2,2,1): 1
V(7,3,3,3,1,1,1,1): 1
V(7,3,3,3,2,1,1): 2
V(7,3,3,3,3,1): 1
V(7,4,2,1,1,1,1,1,1,1): 1
V(7,4,2,2,1,1,1,1,1): 6
V(7,4,2,2,2,1,1,1): 9
V(7,4,2,2,2,2,1): 6
V(7,4,3,1,1,1,1,1,1): 6
V(7,4,3,2,1,1,1,1): 20
V(7,4,3,2,2,1,1): 22
V(7,4,3,2,2,2): 8
V(7,4,3,3,1,1,1): 16
V(7,4,3,3,2,1): 14
V(7,4,3,3,3): 2
V(7,4,4,1,1,1,1,1): 15
V(7,4,4,2,1,1,1): 34
V(7,4,4,2,2,1): 30
V(7,4,4,3,1,1): 25
V(7,4,4,3,2): 16
V(7,4,4,4,1): 7
V(7,5,1,1,1,1,1,1,1,1): 1
V(7,5,2,1,1,1,1,1,1): 6
V(7,5,2,2,1,1,1,1): 24
V(7,5,2,2,2,1,1): 32
V(7,5,2,2,2,2): 18
V(7,5,3,1,1,1,1,1): 17
V(7,5,3,2,1,1,1): 54
V(7,5,3,2,2,1): 53
V(7,5,3,3,1,1): 37
V(7,5,3,3,2): 20
V(7,5,4,1,1,1,1): 33
V(7,5,4,2,1,1): 76
V(7,5,4,2,2): 43
V(7,5,4,3,1): 48
V(7,5,4,4): 9
V(7,5,5,1,1,1): 23
V(7,5,5,2,1): 37
V(7,5,5,3): 14
V(7,6,1,1,1,1,1,1,1): 1
V(7,6,2,1,1,1,1,1): 10
V(7,6,2,2,1,1,1): 32
V(7,6,2,2,2,1): 41
V(7,6,3,1,1,1,1): 20
V(7,6,3,2,1,1): 53
V(7,6,3,2,2): 34
V(7,6,3,3,1): 21
V(7,6,4,1,1,1): 26
V(7,6,4,2,1): 48
V(7,6,4,3): 15
V(7,6,5,1,1): 14
V(7,6,5,2): 13
V(7,6,6,1): 2
V(7,7,2,1,1,1,1): 6
V(7,7,2,2,1,1): 14
V(7,7,2,2,2): 13
V(7,7,3,1,1,1): 8
V(7,7,3,2,1): 14
V(7,7,3,3): 1
V(7,7,4,1,1): 6
V(7,7,4,2): 6
V(7,7,5,1): 1
V(8,2,2,2,1,1,1,1,1,1): 1
V(8,3,1,1,1,1,1,1,1,1,1): 1
V(8,3,2,1,1,1,1,1,1,1): 5
V(8,3,2,2,1,1,1,1,1): 9
V(8,3,2,2,2,1,1,1): 6
V(8,3,2,2,2,2,1): 1
V(8,3,3,1,1,1,1,1,1): 8
V(8,3,3,2,1,1,1,1): 14
V(8,3,3,2,2,1,1): 7
V(8,3,3,2,2,2): 1
V(8,3,3,3,1,1,1): 6
V(8,3,3,3,2,1): 2
V(8,4,1,1,1,1,1,1,1,1): 4
V(8,4,2,1,1,1,1,1,1): 21
V(8,4,2,2,1,1,1,1): 32
V(8,4,2,2,2,1,1): 24
V(8,4,2,2,2,2): 5
V(8,4,3,1,1,1,1,1): 32
V(8,4,3,2,1,1,1): 47
V(8,4,3,2,2,1): 22
V(8,4,3,3,1,1): 16
V(8,4,3,3,2): 5
V(8,4,4,1,1,1,1): 28
V(8,4,4,2,1,1): 34
V(8,4,4,2,2): 10
V(8,4,4,3,1): 11
V(8,4,4,4): 1
V(8,5,1,1,1,1,1,1,1): 7
V(8,5,2,1,1,1,1,1): 31
V(8,5,2,2,1,1,1): 50
V(8,5,2,2,2,1): 32
V(8,5,3,1,1,1,1): 41
V(8,5,3,2,1,1): 54
V(8,5,3,2,2): 20
V(8,5,3,3,1): 14
V(8,5,4,1,1,1): 33
V(8,5,4,2,1): 32
V(8,5,4,3): 7
V(8,5,5,1,1): 9
V(8,5,5,2): 6
V(8,6,1,1,1,1,1,1): 5
V(8,6,2,1,1,1,1): 20
V(8,6,2,2,1,1): 33
V(8,6,2,2,2): 14
V(8,6,3,1,1,1): 20
V(8,6,3,2,1): 22
V(8,6,3,3): 3
V(8,6,4,1,1): 12
V(8,6,4,2): 7
V(8,6,5,1): 2
V(8,7,1,1,1,1,1): 1
V(8,7,2,1,1,1): 6
V(8,7,2,2,1): 8
V(8,7,3,1,1): 3
V(8,7,3,2): 2
V(8,7,4,1): 1
V(8,8,2,1,1): 1
V(9,2,1,1,1,1,1,1,1,1,1): 3
V(9,2,2,1,1,1,1,1,1,1): 6
V(9,2,2,2,1,1,1,1,1): 5
V(9,2,2,2,2,1,1,1): 1
V(9,3,1,1,1,1,1,1,1,1): 12
V(9,3,2,1,1,1,1,1,1): 25
V(9,3,2,2,1,1,1,1): 22
V(9,3,2,2,2,1,1): 6
V(9,3,2,2,2,2): 1
V(9,3,3,1,1,1,1,1): 17
V(9,3,3,2,1,1,1): 14
V(9,3,3,2,2,1): 2
V(9,3,3,3,1,1): 3
V(9,4,1,1,1,1,1,1,1): 18
V(9,4,2,1,1,1,1,1): 43
V(9,4,2,2,1,1,1): 32
V(9,4,2,2,2,1): 10
V(9,4,3,1,1,1,1): 32
V(9,4,3,2,1,1): 20
V(9,4,3,2,2): 3
V(9,4,3,3,1): 2
V(9,4,4,1,1,1): 11
V(9,4,4,2,1): 6
V(9,4,4,3): 1
V(9,5,1,1,1,1,1,1): 13
V(9,5,2,1,1,1,1): 31
V(9,5,2,2,1,1): 20
V(9,5,2,2,2): 6
V(9,5,3,1,1,1): 19
V(9,5,3,2,1): 9
V(9,5,4,1,1): 6
V(9,5,4,2): 2
V(9,6,1,1,1,1,1): 5
V(9,6,2,1,1,1): 9
V(9,6,2,2,1): 6
V(9,6,3,1,1): 3
V(9,6,3,2): 1
V(9,6,4,1): 1
V(9,7,1,1,1,1): 1
V(9,7,2,1,1): 1
V(9,7,2,2): 1
V(10,1,1,1,1,1,1,1,1,1,1): 5
V(10,2,1,1,1,1,1,1,1,1): 13
V(10,2,2,1,1,1,1,1,1): 15
V(10,2,2,2,1,1,1,1): 5
V(10,2,2,2,2,1,1): 1
V(10,3,1,1,1,1,1,1,1): 21
V(10,3,2,1,1,1,1,1): 25
V(10,3,2,2,1,1,1): 9
V(10,3,2,2,2,1): 1
V(10,3,3,1,1,1,1): 9
V(10,3,3,2,1,1): 2
V(10,4,1,1,1,1,1,1): 18
V(10,4,2,1,1,1,1): 18
V(10,4,2,2,1,1): 6
V(10,4,3,1,1,1): 6
V(10,4,3,2,1): 1
V(10,4,4,1,1): 1
V(10,5,1,1,1,1,1): 7
V(10,5,2,1,1,1): 6
V(10,5,2,2,1): 1
V(10,5,3,1,1): 1
V(10,6,1,1,1,1): 1
V(10,6,2,1,1): 1
V(11,1,1,1,1,1,1,1,1,1): 9
V(11,2,1,1,1,1,1,1,1): 13
V(11,2,2,1,1,1,1,1): 7
V(11,2,2,2,1,1,1): 1
V(11,3,1,1,1,1,1,1): 9
V(11,3,2,1,1,1,1): 5
V(11,3,3,1,1,1): 1
V(11,4,1,1,1,1,1): 4
V(11,4,2,1,1,1): 1
V(11,5,1,1,1,1): 1
V(12,1,1,1,1,1,1,1,1): 3
V(12,2,1,1,1,1,1,1): 3
V(12,3,1,1,1,1,1): 1
V(4,4,3,2,2,2,1,1): 1
V(4,4,3,2,2,2,2): 1
V(4,4,3,3,2,1,1,1): 2
V(4,4,3,3,2,2,1): 3
V(4,4,3,3,3,1,1): 2
V(4,4,3,3,3,2): 2
V(4,4,4,2,1,1,1,1,1): 1
V(4,4,4,2,2,1,1,1): 3
V(4,4,4,2,2,2,1): 6
V(4,4,4,3,1,1,1,1): 5
V(4,4,4,3,2,1,1): 12
V(4,4,4,3,2,2): 9
V(4,4,4,3,3,1): 7
V(4,4,4,4,1,1,1): 5
V(4,4,4,4,2,1): 10
V(4,4,4,4,3): 4
V(5,3,3,2,2,1,1,1,1): 1
V(5,3,3,2,2,2,1,1): 2
V(5,3,3,2,2,2,2): 1
V(5,3,3,3,1,1,1,1,1): 1
V(5,3,3,3,2,1,1,1): 3
V(5,3,3,3,2,2,1): 4
V(5,3,3,3,3,1,1): 3
V(5,3,3,3,3,2): 2
V(5,4,2,2,2,1,1,1,1): 2
V(5,4,2,2,2,2,1,1): 6
V(5,4,2,2,2,2,2): 4
V(5,4,3,1,1,1,1,1,1,1): 1
V(5,4,3,2,1,1,1,1,1): 8
V(5,4,3,2,2,1,1,1): 25
V(5,4,3,2,2,2,1): 31
V(5,4,3,3,1,1,1,1): 18
V(5,4,3,3,2,1,1): 48
V(5,4,3,3,2,2): 31
V(5,4,3,3,3,1): 26
V(5,4,4,1,1,1,1,1,1): 5
V(5,4,4,2,1,1,1,1): 34
V(5,4,4,2,2,1,1): 72
V(5,4,4,2,2,2): 44
V(5,4,4,3,1,1,1): 68
V(5,4,4,3,2,1): 115
V(5,4,4,3,3): 34
V(5,4,4,4,1,1): 47
V(5,4,4,4,2): 44
V(5,5,2,1,1,1,1,1,1,1): 1
V(5,5,2,2,1,1,1,1,1): 6
V(5,5,2,2,2,1,1,1): 24
V(5,5,2,2,2,2,1): 28
V(5,5,3,1,1,1,1,1,1): 7
V(5,5,3,2,1,1,1,1): 47
V(5,5,3,2,2,1,1): 103
V(5,5,3,2,2,2): 62
V(5,5,3,3,1,1,1): 73
V(5,5,3,3,2,1): 125
V(5,5,3,3,3): 34
V(5,5,4,1,1,1,1,1): 27
V(5,5,4,2,1,1,1): 138
V(5,5,4,2,2,1): 188
V(5,5,4,3,1,1): 199
V(5,5,4,3,2): 167
V(5,5,4,4,1): 94
V(5,5,5,1,1,1,1): 36
V(5,5,5,2,1,1): 131
V(5,5,5,2,2): 91
V(5,5,5,3,1): 137
V(5,5,5,4): 42
V(6,3,2,2,1,1,1,1,1,1): 2
V(6,3,2,2,2,1,1,1,1): 6
V(6,3,2,2,2,2,1,1): 6
V(6,3,2,2,2,2,2): 2
V(6,3,3,1,1,1,1,1,1,1): 4
V(6,3,3,2,1,1,1,1,1): 15
V(6,3,3,2,2,1,1,1): 28
V(6,3,3,2,2,2,1): 22
V(6,3,3,3,1,1,1,1): 18
V(6,3,3,3,2,1,1): 33
V(6,3,3,3,2,2): 17
V(6,3,3,3,3,1): 15
V(6,4,1,1,1,1,1,1,1,1,1): 1
V(6,4,2,1,1,1,1,1,1,1): 6
V(6,4,2,2,1,1,1,1,1): 29
V(6,4,2,2,2,1,1,1): 57
V(6,4,2,2,2,2,1): 52
V(6,4,3,1,1,1,1,1,1): 31
V(6,4,3,2,1,1,1,1): 122
V(6,4,3,2,2,1,1): 192
V(6,4,3,2,2,2): 100
V(6,4,3,3,1,1,1): 135
V(6,4,3,3,2,1): 188
V(6,4,3,3,3): 46
V(6,4,4,1,1,1,1,1): 65
V(6,4,4,2,1,1,1): 214
V(6,4,4,2,2,1): 249
V(6,4,4,3,1,1): 236
V(6,4,4,3,2): 187
V(6,4,4,4,1): 91
V(6,5,1,1,1,1,1,1,1,1): 4
V(6,5,2,1,1,1,1,1,1): 30
V(6,5,2,2,1,1,1,1): 110
V(6,5,2,2,2,1,1): 177
V(6,5,2,2,2,2): 93
V(6,5,3,1,1,1,1,1): 99
V(6,5,3,2,1,1,1): 349
V(6,5,3,2,2,1): 410
V(6,5,3,3,1,1): 310
V(6,5,3,3,2): 239
V(6,5,4,1,1,1,1): 190
V(6,5,4,2,1,1): 536
V(6,5,4,2,2): 348
V(6,5,4,3,1): 431
V(6,5,4,4): 90
V(6,5,5,1,1,1): 148
V(6,5,5,2,1): 293
V(6,5,5,3): 135
V(6,6,1,1,1,1,1,1,1): 7
V(6,6,2,1,1,1,1,1): 50
V(6,6,2,2,1,1,1): 145
V(6,6,2,2,2,1): 168
V(6,6,3,1,1,1,1): 125
V(6,6,3,2,1,1): 332
V(6,6,3,2,2): 215
V(6,6,3,3,1): 194
V(6,6,4,1,1,1): 178
V(6,6,4,2,1): 341
V(6,6,4,3): 137
V(6,6,5,1,1): 115
V(6,6,5,2): 114
V(6,6,6,1): 21
V(7,2,2,1,1,1,1,1,1,1,1): 1
V(7,2,2,2,1,1,1,1,1,1): 4
V(7,2,2,2,2,1,1,1,1): 5
V(7,2,2,2,2,2,1,1): 2
V(7,3,1,1,1,1,1,1,1,1,1): 3
V(7,3,2,1,1,1,1,1,1,1): 20
V(7,3,2,2,1,1,1,1,1): 47
V(7,3,2,2,2,1,1,1): 54
V(7,3,2,2,2,2,1): 29
V(7,3,3,1,1,1,1,1,1): 42
V(7,3,3,2,1,1,1,1): 102
V(7,3,3,2,2,1,1): 103
V(7,3,3,2,2,2): 39
V(7,3,3,3,1,1,1): 70
V(7,3,3,3,2,1): 68
V(7,3,3,3,3): 13
V(7,4,1,1,1,1,1,1,1,1): 16
V(7,4,2,1,1,1,1,1,1): 86
V(7,4,2,2,1,1,1,1): 186
V(7,4,2,2,2,1,1): 199
V(7,4,2,2,2,2): 84
V(7,4,3,1,1,1,1,1): 179
V(7,4,3,2,1,1,1): 404
V(7,4,3,2,2,1): 348
V(7,4,3,3,1,1): 254
V(7,4,3,3,2): 159
V(7,4,4,1,1,1,1): 189
V(7,4,4,2,1,1): 375
V(7,4,4,2,2): 203
V(7,4,4,3,1): 228
V(7,4,4,4): 38
V(7,5,1,1,1,1,1,1,1): 34
V(7,5,2,1,1,1,1,1): 170
V(7,5,2,2,1,1,1): 347
V(7,5,2,2,2,1): 311
V(7,5,3,1,1,1,1): 320
V(7,5,3,2,1,1): 639
V(7,5,3,2,2): 346
V(7,5,3,3,1): 309
V(7,5,4,1,1,1): 343
V(7,5,4,2,1): 529
V(7,5,4,3): 185
V(7,5,5,1,1): 153
V(7,5,5,2): 131
V(7,6,1,1,1,1,1,1): 36
V(7,6,2,1,1,1,1): 171
V(7,6,2,2,1,1): 300
V(7,6,2,2,2): 165
V(7,6,3,1,1,1): 265
V(7,6,3,2,1): 392
V(7,6,3,3): 100
V(7,6,4,1,1): 219
V(7,6,4,2): 185
V(7,6,5,1): 75
V(7,6,6): 6
V(7,7,1,1,1,1,1): 18
V(7,7,2,1,1,1): 73
V(7,7,2,2,1): 90
V(7,7,3,1,1): 79
V(7,7,3,2): 60
V(7,7,4,1): 40
V(7,7,5): 6
V(8,2,1,1,1,1,1,1,1,1,1): 8
V(8,2,2,1,1,1,1,1,1,1): 23
V(8,2,2,2,1,1,1,1,1): 33
V(8,2,2,2,2,1,1,1): 22
V(8,2,2,2,2,2,1): 6
V(8,3,1,1,1,1,1,1,1,1): 37
V(8,3,2,1,1,1,1,1,1): 115
V(8,3,2,2,1,1,1,1): 157
V(8,3,2,2,2,1,1): 105
V(8,3,2,2,2,2): 28
V(8,3,3,1,1,1,1,1): 125
V(8,3,3,2,1,1,1): 184
V(8,3,3,2,2,1): 102
V(8,3,3,3,1,1): 75
V(8,3,3,3,2): 32
V(8,4,1,1,1,1,1,1,1): 77
V(8,4,2,1,1,1,1,1): 251
V(8,4,2,2,1,1,1): 323
V(8,4,2,2,2,1): 194
V(8,4,3,1,1,1,1): 306
V(8,4,3,2,1,1): 400
V(8,4,3,2,2): 160
V(8,4,3,3,1): 136
V(8,4,4,1,1,1): 180
V(8,4,4,2,1): 199
V(8,4,4,3): 55
V(8,5,1,1,1,1,1,1): 90
V(8,5,2,1,1,1,1): 285
V(8,5,2,2,1,1): 336
V(8,5,2,2,2): 141
V(8,5,3,1,1,1): 321
V(8,5,3,2,1): 343
V(8,5,3,3): 72
V(8,5,4,1,1): 191
V(8,5,4,2): 131
V(8,5,5,1): 43
V(8,6,1,1,1,1,1): 60
V(8,6,2,1,1,1): 172
V(8,6,2,2,1): 166
V(8,6,3,1,1): 154
V(8,6,3,2): 100
V(8,6,4,1): 68
V(8,6,5): 9
V(8,7,1,1,1,1): 22
V(8,7,2,1,1): 51
V(8,7,2,2): 29
V(8,7,3,1): 28
V(8,7,4): 6
V(8,8,1,1,1): 4
V(8,8,2,1): 5
V(8,8,3): 1
V(9,1,1,1,1,1,1,1,1,1,1): 10
V(9,2,1,1,1,1,1,1,1,1): 43
V(9,2,2,1,1,1,1,1,1): 74
V(9,2,2,2,1,1,1,1): 63
V(9,2,2,2,2,1,1): 25
V(9,2,2,2,2,2): 4
V(9,3,1,1,1,1,1,1,1): 96
V(9,3,2,1,1,1,1,1): 191
V(9,3,2,2,1,1,1): 156
V(9,3,2,2,2,1): 57
V(9,3,3,1,1,1,1): 125
V(9,3,3,2,1,1): 103
V(9,3,3,2,2): 26
V(9,3,3,3,1): 23
V(9,4,1,1,1,1,1,1): 122
V(9,4,2,1,1,1,1): 240
V(9,4,2,2,1,1): 176
V(9,4,2,2,2): 50
V(9,4,3,1,1,1): 171
V(9,4,3,2,1): 118
V(9,4,3,3): 18
V(9,4,4,1,1): 56
V(9,4,4,2): 28
V(9,5,1,1,1,1,1): 87
V(9,5,2,1,1,1): 159
V(9,5,2,2,1): 100
V(9,5,3,1,1): 101
V(9,5,3,2): 47
V(9,5,4,1): 31
V(9,5,5): 2
V(9,6,1,1,1,1): 36
V(9,6,2,1,1): 56
V(9,6,2,2): 24
V(9,6,3,1): 26
V(9,6,4): 5
V(9,7,1,1,1): 9
V(9,7,2,1): 10
V(9,7,3): 2
V(9,8,1,1): 1
V(10,1,1,1,1,1,1,1,1,1): 26
V(10,2,1,1,1,1,1,1,1): 68
V(10,2,2,1,1,1,1,1): 74
V(10,2,2,2,1,1,1): 36
V(10,2,2,2,2,1): 8
V(10,3,1,1,1,1,1,1): 88
V(10,3,2,1,1,1,1): 107
V(10,3,2,2,1,1): 46
V(10,3,2,2,2): 7
V(10,3,3,1,1,1): 42
V(10,3,3,2,1): 16
V(10,3,3,3): 1
V(10,4,1,1,1,1,1): 68
V(10,4,2,1,1,1): 75
V(10,4,2,2,1): 26
V(10,4,3,1,1): 29
V(10,4,3,2): 8
V(10,4,4,1): 5
V(10,5,1,1,1,1): 31
V(10,5,2,1,1): 28
V(10,5,2,2): 7
V(10,5,3,1): 8
V(10,5,4): 1
V(10,6,1,1,1): 8
V(10,6,2,1): 6
V(10,6,3): 1
V(10,7,1,1): 1
V(10,7,2): 1
V(11,1,1,1,1,1,1,1,1): 22
V(11,2,1,1,1,1,1,1): 37
V(11,2,2,1,1,1,1): 23
V(11,2,2,2,1,1): 5
V(11,3,1,1,1,1,1): 29
V(11,3,2,1,1,1): 18
V(11,3,2,2,1): 2
V(11,3,3,1,1): 4
V(11,4,1,1,1,1): 13
V(11,4,2,1,1): 6
V(11,4,3,1): 1
V(11,5,1,1,1): 4
V(11,5,2,1): 1
V(11,6,1,1): 1
V(12,1,1,1,1,1,1,1): 6
V(12,2,1,1,1,1,1): 6
V(12,2,2,1,1,1): 1
V(12,3,1,1,1,1): 3
V(12,4,1,1,1): 1
V(3,3,3,3,2,2,1,1): 2
V(3,3,3,3,3,2,1): 2
V(4,3,2,2,2,2,1,1,1): 1
V(4,3,2,2,2,2,2,1): 1
V(4,3,3,2,1,1,1,1,1,1): 1
V(4,3,3,2,2,1,1,1,1): 8
V(4,3,3,2,2,2,1,1): 16
V(4,3,3,2,2,2,2): 10
V(4,3,3,3,1,1,1,1,1): 6
V(4,3,3,3,2,1,1,1): 26
V(4,3,3,3,2,2,1): 33
V(4,3,3,3,3,1,1): 23
V(4,3,3,3,3,2): 18
V(4,4,2,2,1,1,1,1,1,1): 2
V(4,4,2,2,2,1,1,1,1): 10
V(4,4,2,2,2,2,1,1): 25
V(4,4,2,2,2,2,2): 11
V(4,4,3,1,1,1,1,1,1,1): 4
V(4,4,3,2,1,1,1,1,1): 33
V(4,4,3,2,2,1,1,1): 95
V(4,4,3,2,2,2,1): 111
V(4,4,3,3,1,1,1,1): 73
V(4,4,3,3,2,1,1): 175
V(4,4,3,3,2,2): 115
V(4,4,3,3,3,1): 92
V(4,4,4,1,1,1,1,1,1): 17
V(4,4,4,2,1,1,1,1): 98
V(4,4,4,2,2,1,1): 195
V(4,4,4,2,2,2): 109
V(4,4,4,3,1,1,1): 177
V(4,4,4,3,2,1): 288
V(4,4,4,3,3): 82
V(4,4,4,4,1,1): 108
V(4,4,4,4,2): 92
V(5,2,2,2,2,1,1,1,1,1): 1
V(5,2,2,2,2,2,1,1,1): 1
V(5,2,2,2,2,2,2,1): 1
V(5,3,2,1,1,1,1,1,1,1,1): 1
V(5,3,2,2,1,1,1,1,1,1): 9
V(5,3,2,2,2,1,1,1,1): 32
V(5,3,2,2,2,2,1,1): 43
V(5,3,2,2,2,2,2): 24
V(5,3,3,1,1,1,1,1,1,1): 15
V(5,3,3,2,1,1,1,1,1): 70
V(5,3,3,2,2,1,1,1): 161
V(5,3,3,2,2,2,1): 158
V(5,3,3,3,1,1,1,1): 104
V(5,3,3,3,2,1,1): 238
V(5,3,3,3,2,2): 134
V(5,3,3,3,3,1): 118
V(5,4,1,1,1,1,1,1,1,1,1): 3
V(5,4,2,1,1,1,1,1,1,1): 24
V(5,4,2,2,1,1,1,1,1): 111
V(5,4,2,2,2,1,1,1): 242
V(5,4,2,2,2,2,1): 238
V(5,4,3,1,1,1,1,1,1): 119
V(5,4,3,2,1,1,1,1): 522
V(5,4,3,2,2,1,1): 903
V(5,4,3,2,2,2): 497
V(5,4,3,3,1,1,1): 653
V(5,4,3,3,2,1): 973
V(5,4,3,3,3): 251
V(5,4,4,1,1,1,1,1): 237
V(5,4,4,2,1,1,1): 857
V(5,4,4,2,2,1): 1041
V(5,4,4,3,1,1): 1003
V(5,4,4,3,2): 810
V(5,4,4,4,1): 379
V(5,5,1,1,1,1,1,1,1,1): 13
V(5,5,2,1,1,1,1,1,1): 93
V(5,5,2,2,1,1,1,1): 336
V(5,5,2,2,2,1,1): 518
V(5,5,2,2,2,2): 285
V(5,5,3,1,1,1,1,1): 323
V(5,5,3,2,1,1,1): 1138
V(5,5,3,2,2,1): 1334
V(5,5,3,3,1,1): 1068
V(5,5,3,3,2): 810
V(5,5,4,1,1,1,1): 580
V(5,5,4,2,1,1): 1607
V(5,5,4,2,2): 1044
V(5,5,4,3,1): 1297
V(5,5,4,4): 266
V(5,5,5,1,1,1): 403
V(5,5,5,2,1): 767
V(5,5,5,3): 333
V(6,2,2,1,1,1,1,1,1,1,1): 3
V(6,2,2,2,1,1,1,1,1,1): 16
V(6,2,2,2,2,1,1,1,1): 27
V(6,2,2,2,2,2,1,1): 26
V(6,2,2,2,2,2,2): 8
V(6,3,1,1,1,1,1,1,1,1,1): 9
V(6,3,2,1,1,1,1,1,1,1): 64
V(6,3,2,2,1,1,1,1,1): 189
V(6,3,2,2,2,1,1,1): 293
V(6,3,2,2,2,2,1): 231
V(6,3,3,1,1,1,1,1,1): 162
V(6,3,3,2,1,1,1,1): 516
V(6,3,3,2,2,1,1): 708
V(6,3,3,2,2,2): 349
V(6,3,3,3,1,1,1): 475
V(6,3,3,3,2,1): 617
V(6,3,3,3,3): 141
V(6,4,1,1,1,1,1,1,1,1): 49
V(6,4,2,1,1,1,1,1,1): 307
V(6,4,2,2,1,1,1,1): 801
V(6,4,2,2,2,1,1): 1074
V(6,4,2,2,2,2): 512
V(6,4,3,1,1,1,1,1): 774
V(6,4,3,2,1,1,1): 2187
V(6,4,3,2,2,1): 2304
V(6,4,3,3,1,1): 1733
V(6,4,3,3,2): 1276
V(6,4,4,1,1,1,1): 909
V(6,4,4,2,1,1): 2219
V(6,4,4,2,2): 1345
V(6,4,4,3,1): 1595
V(6,4,4,4): 280
V(6,5,1,1,1,1,1,1,1): 121
V(6,5,2,1,1,1,1,1): 682
V(6,5,2,2,1,1,1): 1570
V(6,5,2,2,2,1): 1556
V(6,5,3,1,1,1,1): 1541
V(6,5,3,2,1,1): 3532
V(6,5,3,2,2): 2104
V(6,5,3,3,1): 2017
V(6,5,4,1,1,1): 1805
V(6,5,4,2,1): 3112
V(6,5,4,3): 1206
V(6,5,5,1,1): 854
V(6,5,5,2): 791
V(6,6,1,1,1,1,1,1): 140
V(6,6,2,1,1,1,1): 667
V(6,6,2,2,1,1): 1216
V(6,6,2,2,2): 658
V(6,6,3,1,1,1): 1208
V(6,6,3,2,1): 1921
V(6,6,3,3): 577
V(6,6,4,1,1): 1093
V(6,6,4,2): 965
V(6,6,5,1): 410
V(6,6,6): 34
V(7,2,1,1,1,1,1,1,1,1,1): 18
V(7,2,2,1,1,1,1,1,1,1): 69
V(7,2,2,2,1,1,1,1,1): 137
V(7,2,2,2,2,1,1,1): 146
V(7,2,2,2,2,2,1): 84
V(7,3,1,1,1,1,1,1,1,1): 104
V(7,3,2,1,1,1,1,1,1): 416
V(7,3,2,2,1,1,1,1): 782
V(7,3,2,2,2,1,1): 773
V(7,3,2,2,2,2): 322
V(7,3,3,1,1,1,1,1): 602
V(7,3,3,2,1,1,1): 1278
V(7,3,3,2,2,1): 1084
V(7,3,3,3,1,1): 767
V(7,3,3,3,2): 481
V(7,4,1,1,1,1,1,1,1): 268
V(7,4,2,1,1,1,1,1): 1113
V(7,4,2,2,1,1,1): 1942
V(7,4,2,2,2,1): 1607
V(7,4,3,1,1,1,1): 1828
V(7,4,3,2,1,1): 3381
V(7,4,3,2,2): 1794
V(7,4,3,3,1): 1625
V(7,4,4,1,1,1): 1378
V(7,4,4,2,1): 2070
V(7,4,4,3): 714
V(7,5,1,1,1,1,1,1): 410
V(7,5,2,1,1,1,1): 1632
V(7,5,2,2,1,1): 2465
V(7,5,2,2,2): 1266
V(7,5,3,1,1,1): 2485
V(7,5,3,2,1): 3473
V(7,5,3,3): 940
V(7,5,4,1,1): 1861
V(7,5,4,2): 1549
V(7,5,5,1): 521
V(7,6,1,1,1,1,1): 374
V(7,6,2,1,1,1): 1273
V(7,6,2,2,1): 1441
V(7,6,3,1,1): 1535
V(7,6,3,2): 1183
V(7,6,4,1): 832
V(7,6,5): 145
V(7,7,1,1,1,1): 164
V(7,7,2,1,1): 413
V(7,7,2,2): 264
V(7,7,3,1): 327
V(7,7,4): 91
V(8,1,1,1,1,1,1,1,1,1,1): 20
V(8,2,1,1,1,1,1,1,1,1): 115
V(8,2,2,1,1,1,1,1,1): 278
V(8,2,2,2,1,1,1,1): 352
V(8,2,2,2,2,1,1): 256
V(8,2,2,2,2,2): 77
V(8,3,1,1,1,1,1,1,1): 336
V(8,3,2,1,1,1,1,1): 947
V(8,3,2,2,1,1,1): 1195
V(8,3,2,2,2,1): 752
V(8,3,3,1,1,1,1): 919
V(8,3,3,2,1,1): 1261
V(8,3,3,2,2): 556
V(8,3,3,3,1): 458
V(8,4,1,1,1,1,1,1): 575
V(8,4,2,1,1,1,1): 1621
V(8,4,2,2,1,1): 1880
V(8,4,2,2,2): 795
V(8,4,3,1,1,1): 1782
V(8,4,3,2,1): 2019
V(8,4,3,3): 477
V(8,4,4,1,1): 867
V(8,4,4,2): 624
V(8,5,1,1,1,1,1): 599
V(8,5,2,1,1,1): 1592
V(8,5,2,2,1): 1491
V(8,5,3,1,1): 1572
V(8,5,3,2): 1077
V(8,5,4,1): 702
V(8,5,5): 90
V(8,6,1,1,1,1): 382
V(8,6,2,1,1): 862
V(8,6,2,2): 477
V(8,6,3,1): 625
V(8,6,4): 155
V(8,7,1,1,1): 140
V(8,7,2,1): 216
V(8,7,3): 82
V(8,8,1,1): 23
V(8,8,2): 14
V(9,1,1,1,1,1,1,1,1,1): 66
V(9,2,1,1,1,1,1,1,1): 248
V(9,2,2,1,1,1,1,1): 413
V(9,2,2,2,1,1,1): 354
V(9,2,2,2,2,1): 162
V(9,3,1,1,1,1,1,1): 462
V(9,3,2,1,1,1,1): 908
V(9,3,2,2,1,1): 742
V(9,3,2,2,2): 250
V(9,3,3,1,1,1): 591
V(9,3,3,2,1): 493
V(9,3,3,3): 86
V(9,4,1,1,1,1,1): 537
V(9,4,2,1,1,1): 1011
V(9,4,2,2,1): 719
V(9,4,3,1,1): 720
V(9,4,3,2): 407
V(9,4,4,1): 213
V(9,5,1,1,1,1): 388
V(9,5,2,1,1): 650
V(9,5,2,2): 312
V(9,5,3,1): 385
V(9,5,4): 83
V(9,6,1,1,1): 170
V(9,6,2,1): 230
V(9,6,3): 79
V(9,7,1,1): 44
V(9,7,2): 35
V(9,8,1): 5
V(10,1,1,1,1,1,1,1,1): 81
V(10,2,1,1,1,1,1,1): 228
V(10,2,2,1,1,1,1): 252
V(10,2,2,2,1,1): 140
V(10,2,2,2,2): 31
V(10,3,1,1,1,1,1): 290
V(10,3,2,1,1,1): 367
V(10,3,2,2,1): 177
V(10,3,3,1,1): 150
V(10,3,3,2): 63
V(10,4,1,1,1,1): 220
V(10,4,2,1,1): 262
V(10,4,2,2): 89
V(10,4,3,1): 112
V(10,4,4): 14
V(10,5,1,1,1): 109
V(10,5,2,1): 107
V(10,5,3): 31
V(10,6,1,1): 36
V(10,6,2): 22
V(10,7,1): 7
V(11,1,1,1,1,1,1,1): 46
V(11,2,1,1,1,1,1): 89
V(11,2,2,1,1,1): 60
V(11,2,2,2,1): 17
V(11,3,1,1,1,1): 78
V(11,3,2,1,1): 54
V(11,3,2,2): 11
V(11,3,3,1): 11
V(11,4,1,1,1): 39
V(11,4,2,1): 23
V(11,4,3): 5
V(11,5,1,1): 13
V(11,5,2): 6
V(11,6,1): 4
V(11,7): 1
V(12,1,1,1,1,1,1): 11
V(12,2,1,1,1,1): 12
V(12,2,2,1,1): 4
V(12,3,1,1,1): 6
V(12,3,2,1): 1
V(12,4,1,1): 3
V(12,5,1): 1
V(3,3,2,2,2,1,1,1,1,1): 1
V(3,3,2,2,2,2,1,1,1): 6
V(3,3,2,2,2,2,2,1): 6
V(3,3,3,2,1,1,1,1,1,1): 5
V(3,3,3,2,2,1,1,1,1): 25
V(3,3,3,2,2,2,1,1): 46
V(3,3,3,2,2,2,2): 25
V(3,3,3,3,1,1,1,1,1): 18
V(3,3,3,3,2,1,1,1): 67
V(3,3,3,3,2,2,1): 82
V(3,3,3,3,3,1,1): 55
V(3,3,3,3,3,2): 42
V(4,2,2,2,2,1,1,1,1,1): 4
V(4,2,2,2,2,2,1,1,1): 9
V(4,2,2,2,2,2,2,1): 9
V(4,3,2,1,1,1,1,1,1,1,1): 4
V(4,3,2,2,1,1,1,1,1,1): 33
V(4,3,2,2,2,1,1,1,1): 115
V(4,3,2,2,2,2,1,1): 174
V(4,3,2,2,2,2,2): 88
V(4,3,3,1,1,1,1,1,1,1): 40
V(4,3,3,2,1,1,1,1,1): 223
V(4,3,3,2,2,1,1,1): 540
V(4,3,3,2,2,2,1): 548
V(4,3,3,3,1,1,1,1): 356
V(4,3,3,3,2,1,1): 801
V(4,3,3,3,2,2): 471
V(4,3,3,3,3,1): 389
V(4,4,1,1,1,1,1,1,1,1,1): 6
V(4,4,2,1,1,1,1,1,1,1): 57
V(4,4,2,2,1,1,1,1,1): 268
V(4,4,2,2,2,1,1,1): 569
V(4,4,2,2,2,2,1): 556
V(4,4,3,1,1,1,1,1,1): 272
V(4,4,3,2,1,1,1,1): 1183
V(4,4,3,2,2,1,1): 2008
V(4,4,3,2,2,2): 1092
V(4,4,3,3,1,1,1): 1433
V(4,4,3,3,2,1): 2101
V(4,4,3,3,3): 529
V(4,4,4,1,1,1,1,1): 457
V(4,4,4,2,1,1,1): 1594
V(4,4,4,2,2,1): 1893
V(4,4,4,3,1,1): 1777
V(4,4,4,3,2): 1404
V(4,4,4,4,1): 601
V(5,2,2,1,1,1,1,1,1,1,1): 9
V(5,2,2,2,1,1,1,1,1,1): 48
V(5,2,2,2,2,1,1,1,1): 109
V(5,2,2,2,2,2,1,1): 133
V(5,2,2,2,2,2,2): 64
V(5,3,1,1,1,1,1,1,1,1,1): 20
V(5,3,2,1,1,1,1,1,1,1): 174
V(5,3,2,2,1,1,1,1,1): 605
V(5,3,2,2,2,1,1,1): 1115
V(5,3,2,2,2,2,1): 993
V(5,3,3,1,1,1,1,1,1): 505
V(5,3,3,2,1,1,1,1): 1856
V(5,3,3,2,2,1,1): 2880
V(5,3,3,2,2,2): 1500
V(5,3,3,3,1,1,1): 1919
V(5,3,3,3,2,1): 2671
V(5,3,3,3,3): 640
V(5,4,1,1,1,1,1,1,1,1): 124
V(5,4,2,1,1,1,1,1,1): 856
V(5,4,2,2,1,1,1,1): 2496
V(5,4,2,2,2,1,1): 3570
V(5,4,2,2,2,2): 1809
V(5,4,3,1,1,1,1,1): 2378
V(5,4,3,2,1,1,1): 7247
V(5,4,3,2,2,1): 7978
V(5,4,3,3,1,1): 6045
V(5,4,3,3,2): 4520
V(5,4,4,1,1,1,1): 2768
V(5,4,4,2,1,1): 6966
V(5,4,4,2,2): 4317
V(5,4,4,3,1): 5073
V(5,4,4,4): 872
V(5,5,1,1,1,1,1,1,1): 275
V(5,5,2,1,1,1,1,1): 1618
V(5,5,2,2,1,1,1): 3823
V(5,5,2,2,2,1): 3841
V(5,5,3,1,1,1,1): 3802
V(5,5,3,2,1,1): 8861
V(5,5,3,2,2): 5310
V(5,5,3,3,1): 5132
V(5,5,4,1,1,1): 4259
V(5,5,4,2,1): 7347
V(5,5,4,3): 2820
V(5,5,5,1,1): 1805
V(5,5,5,2): 1646
V(6,2,1,1,1,1,1,1,1,1,1): 38
V(6,2,2,1,1,1,1,1,1,1): 181
V(6,2,2,2,1,1,1,1,1): 451
V(6,2,2,2,2,1,1,1): 639
V(6,2,2,2,2,2,1): 491
V(6,3,1,1,1,1,1,1,1,1): 254
V(6,3,2,1,1,1,1,1,1): 1264
V(6,3,2,2,1,1,1,1): 2936
V(6,3,2,2,2,1,1): 3620
V(6,3,2,2,2,2): 1702
V(6,3,3,1,1,1,1,1): 2245
V(6,3,3,2,1,1,1): 5797
V(6,3,3,2,2,1): 5797
V(6,3,3,3,1,1): 4066
V(6,3,3,3,2): 2869
V(6,4,1,1,1,1,1,1,1): 780
V(6,4,2,1,1,1,1,1): 3835
V(6,4,2,2,1,1,1): 7925
V(6,4,2,2,2,1): 7437
V(6,4,3,1,1,1,1): 7431
V(6,4,3,2,1,1): 15823
V(6,4,3,2,2): 9116
V(6,4,3,3,1): 8457
V(6,4,4,1,1,1): 6128
V(6,4,4,2,1): 10023
V(6,4,4,3): 3641
V(6,5,1,1,1,1,1,1): 1350
V(6,5,2,1,1,1,1): 5995
V(6,5,2,2,1,1): 10067
V(6,5,2,2,2): 5414
V(6,5,3,1,1,1): 10269
V(6,5,3,2,1): 15582
V(6,5,3,3): 4542
V(6,5,4,1,1): 8108
V(6,5,4,2): 7033
V(6,5,5,1): 2304
V(6,6,1,1,1,1,1): 1139
V(6,6,2,1,1,1): 4144
V(6,6,2,2,1): 4925
V(6,6,3,1,1): 5477
V(6,6,3,2): 4401
V(6,6,4,1): 3078
V(6,6,5): 546
V(7,1,1,1,1,1,1,1,1,1,1): 36
V(7,2,1,1,1,1,1,1,1,1): 276
V(7,2,2,1,1,1,1,1,1): 845
V(7,2,2,2,1,1,1,1): 1436
V(7,2,2,2,2,1,1): 1418
V(7,2,2,2,2,2): 594
V(7,3,1,1,1,1,1,1,1): 1000
V(7,3,2,1,1,1,1,1): 3607
V(7,3,2,2,1,1,1): 5995
V(7,3,2,2,2,1): 4884
V(7,3,3,1,1,1,1): 4513
V(7,3,3,2,1,1): 8093
V(7,3,3,2,2): 4267
V(7,3,3,3,1): 3618
V(7,4,1,1,1,1,1,1): 2106
V(7,4,2,1,1,1,1): 7576
V(7,4,2,2,1,1): 11039
V(7,4,2,2,2): 5530
V(7,4,3,1,1,1): 10490
V(7,4,3,2,1): 14443
V(7,4,3,3): 3867
V(7,4,4,1,1): 5949
V(7,4,4,2): 4875
V(7,5,1,1,1,1,1): 2734
V(7,5,2,1,1,1): 8852
V(7,5,2,2,1): 9754
V(7,5,3,1,1): 10565
V(7,5,3,2): 8107
V(7,5,4,1): 5275
V(7,5,5): 733
V(7,6,1,1,1,1): 2066
V(7,6,2,1,1): 5333
V(7,6,2,2): 3296
V(7,6,3,1): 4510
V(7,6,4): 1239
V(7,7,1,1,1): 723
V(7,7,2,1): 1268
V(7,7,3): 548
V(8,1,1,1,1,1,1,1,1,1): 148
V(8,2,1,1,1,1,1,1,1): 740
V(8,2,2,1,1,1,1,1): 1656
V(8,2,2,2,1,1,1): 2034
V(8,2,2,2,2,1): 1353
V(8,3,1,1,1,1,1,1): 1830
V(8,3,2,1,1,1,1): 4890
V(8,3,2,2,1,1): 5737
V(8,3,2,2,2): 2541
V(8,3,3,1,1,1): 4386
V(8,3,3,2,1): 5103
V(8,3,3,3): 1156
V(8,4,1,1,1,1,1): 2787
V(8,4,2,1,1,1): 7260
V(8,4,2,2,1): 6953
V(8,4,3,1,1): 6980
V(8,4,3,2): 4912
V(8,4,4,1): 2507
V(8,5,1,1,1,1): 2683
V(8,5,2,1,1): 6040
V(8,5,2,2): 3473
V(8,5,3,1): 4576
V(8,5,4): 1114
V(8,6,1,1,1): 1557
V(8,6,2,1): 2570
V(8,6,3): 1066
V(8,7,1,1): 481
V(8,7,2): 420
V(8,8,1): 58
V(9,1,1,1,1,1,1,1,1): 248
V(9,2,1,1,1,1,1,1): 947
V(9,2,2,1,1,1,1): 1561
V(9,2,2,2,1,1): 1354
V(9,2,2,2,2): 503
V(9,3,1,1,1,1,1): 1704
V(9,3,2,1,1,1): 3281
V(9,3,2,2,1): 2540
V(9,3,3,1,1): 2048
V(9,3,3,2): 1244
V(9,4,1,1,1,1): 1873
V(9,4,2,1,1): 3395
V(9,4,2,2): 1726
V(9,4,3,1): 2099
V(9,4,4): 375
V(9,5,1,1,1): 1314
V(9,5,2,1): 1896
V(9,5,3): 713
V(9,6,1,1): 560
V(9,6,2): 462
V(9,7,1): 125
V(9,8): 9
V(10,1,1,1,1,1,1,1): 212
V(10,2,1,1,1,1,1): 612
V(10,2,2,1,1,1): 714
V(10,2,2,2,1): 405
V(10,3,1,1,1,1): 807
V(10,3,2,1,1): 1055
V(10,3,2,2): 438
V(10,3,3,1): 422
V(10,4,1,1,1): 633
V(10,4,2,1): 732
V(10,4,3): 229
V(10,5,1,1): 319
V(10,5,2): 236
V(10,6,1): 99
V(10,7): 14
V(11,1,1,1,1,1,1): 94
V(11,2,1,1,1,1): 192
V(11,2,2,1,1): 145
V(11,2,2,2): 43
V(11,3,1,1,1): 179
V(11,3,2,1): 139
V(11,3,3): 27
V(11,4,1,1): 101
V(11,4,2): 57
V(11,5,1): 38
V(11,6): 8
V(12,1,1,1,1,1): 18
V(12,2,1,1,1): 23
V(12,2,2,1): 9
V(12,3,1,1): 13
V(12,3,2): 4
V(12,4,1): 6
V(12,5): 3
V(2,2,2,2,2,2,2,1,1): 1
V(3,2,2,2,1,1,1,1,1,1,1): 1
V(3,2,2,2,2,1,1,1,1,1): 13
V(3,2,2,2,2,2,1,1,1): 32
V(3,2,2,2,2,2,2,1): 32
V(3,3,2,1,1,1,1,1,1,1,1): 8
V(3,3,2,2,1,1,1,1,1,1): 66
V(3,3,2,2,2,1,1,1,1): 221
V(3,3,2,2,2,2,1,1): 311
V(3,3,2,2,2,2,2): 164
V(3,3,3,1,1,1,1,1,1,1): 66
V(3,3,3,2,1,1,1,1,1): 354
V(3,3,3,2,2,1,1,1): 823
V(3,3,3,2,2,2,1): 809
V(3,3,3,3,1,1,1,1): 510
V(3,3,3,3,2,1,1): 1119
V(3,3,3,3,2,2): 632
V(3,3,3,3,3,1): 519
V(4,2,2,1,1,1,1,1,1,1,1): 20
V(4,2,2,2,1,1,1,1,1,1): 121
V(4,2,2,2,2,1,1,1,1): 312
V(4,2,2,2,2,2,1,1): 423
V(4,2,2,2,2,2,2): 198
V(4,3,1,1,1,1,1,1,1,1,1): 38
V(4,3,2,1,1,1,1,1,1,1): 370
V(4,3,2,2,1,1,1,1,1): 1410
V(4,3,2,2,2,1,1,1): 2715
V(4,3,2,2,2,2,1): 2478
V(4,3,3,1,1,1,1,1,1): 1103
V(4,3,3,2,1,1,1,1): 4221
V(4,3,3,2,2,1,1): 6634
V(4,3,3,2,2,2): 3485
V(4,3,3,3,1,1,1): 4324
V(4,3,3,3,2,1): 6009
V(4,3,3,3,3): 1414
V(4,4,1,1,1,1,1,1,1,1): 198
V(4,4,2,1,1,1,1,1,1): 1463
V(4,4,2,2,1,1,1,1): 4283
V(4,4,2,2,2,1,1): 6181
V(4,4,2,2,2,2): 3096
V(4,4,3,1,1,1,1,1): 3945
V(4,4,3,2,1,1,1): 11867
V(4,4,3,2,2,1): 12973
V(4,4,3,3,1,1): 9563
V(4,4,3,3,2): 7130
V(4,4,4,1,1,1,1): 3982
V(4,4,4,2,1,1): 9839
V(4,4,4,2,2): 5998
V(4,4,4,3,1): 6877
V(4,4,4,4): 1078
V(5,2,1,1,1,1,1,1,1,1,1): 71
V(5,2,2,1,1,1,1,1,1,1): 411
V(5,2,2,2,1,1,1,1,1): 1211
V(5,2,2,2,2,1,1,1): 2000
V(5,2,2,2,2,2,1): 1695
V(5,3,1,1,1,1,1,1,1,1): 543
V(5,3,2,1,1,1,1,1,1): 3126
V(5,3,2,2,1,1,1,1): 8197
V(5,3,2,2,2,1,1): 10965
V(5,3,2,2,2,2): 5408
V(5,3,3,1,1,1,1,1): 6111
V(5,3,3,2,1,1,1): 17036
V(5,3,3,2,2,1): 17825
V(5,3,3,3,1,1): 12409
V(5,3,3,3,2): 8917
V(5,4,1,1,1,1,1,1,1): 1754
V(5,4,2,1,1,1,1,1): 9397
V(5,4,2,2,1,1,1): 20641
V(5,4,2,2,2,1): 20060
V(5,4,3,1,1,1,1): 19018
V(5,4,3,2,1,1): 41838
V(5,4,3,2,2): 24476
V(5,4,3,3,1): 22567
V(5,4,4,1,1,1): 15179
V(5,4,4,2,1): 25073
V(5,4,4,3): 9050
V(5,5,1,1,1,1,1,1): 2556
V(5,5,2,1,1,1,1): 11787
V(5,5,2,2,1,1): 20136
V(5,5,2,2,2): 10998
V(5,5,3,1,1,1): 20361
V(5,5,3,2,1): 31112
V(5,5,3,3): 9008
V(5,5,4,1,1): 15310
V(5,5,4,2): 13297
V(5,5,5,1): 3906
V(6,1,1,1,1,1,1,1,1,1,1): 64
V(6,2,1,1,1,1,1,1,1,1): 593
V(6,2,2,1,1,1,1,1,1): 2209
V(6,2,2,2,1,1,1,1): 4536
V(6,2,2,2,2,1,1): 5324
V(6,2,2,2,2,2): 2437
V(6,3,1,1,1,1,1,1,1): 2532
V(6,3,2,1,1,1,1,1): 10865
V(6,3,2,2,1,1,1): 21002
V(6,3,2,2,2,1): 19038
V(6,3,3,1,1,1,1): 15616
V(6,3,3,2,1,1): 31238
V(6,3,3,2,2): 17533
V(6,3,3,3,1): 14942
V(6,4,1,1,1,1,1,1): 6039
V(6,4,2,1,1,1,1): 24664
V(6,4,2,2,1,1): 39712
V(6,4,2,2,2): 20918
V(6,4,3,1,1,1): 37466
V(6,4,3,2,1): 54977
V(6,4,3,3): 15269
V(6,4,4,1,1): 21902
V(6,4,4,2): 18456
V(6,5,1,1,1,1,1): 8150
V(6,5,2,1,1,1): 28583
V(6,5,2,2,1): 33259
V(6,5,3,1,1): 36066
V(6,5,3,2): 28578
V(6,5,4,1): 18183
V(6,5,5): 2482
V(6,6,1,1,1,1): 5232
V(6,6,2,1,1): 14247
V(6,6,2,2): 8998
V(6,6,3,1): 12518
V(6,6,4): 3431
V(7,1,1,1,1,1,1,1,1,1): 307
V(7,2,1,1,1,1,1,1,1): 1914
V(7,2,2,1,1,1,1,1): 5342
V(7,2,2,2,1,1,1): 8212
V(7,2,2,2,2,1): 6584
V(7,3,1,1,1,1,1,1): 5806
V(7,3,2,1,1,1,1): 19111
V(7,3,2,2,1,1): 26947
V(7,3,2,2,2): 13397
V(7,3,3,1,1,1): 20428
V(7,3,3,2,1): 27204
V(7,3,3,3): 6673
V(7,4,1,1,1,1,1): 10535
V(7,4,2,1,1,1): 32568
V(7,4,2,2,1): 35375
V(7,4,3,1,1): 35616
V(7,4,3,2): 27032
V(7,4,4,1): 13631
V(7,5,1,1,1,1): 11526
V(7,5,2,1,1): 29257
V(7,5,2,2): 18075
V(7,5,3,1): 24167
V(7,5,4): 6116
V(7,6,1,1,1): 6992
V(7,6,2,1): 12499
V(7,6,3): 5499
V(7,7,1,1): 1860
V(7,7,2): 1742
V(8,1,1,1,1,1,1,1,1): 641
V(8,2,1,1,1,1,1,1): 3155
V(8,2,2,1,1,1,1): 6764
V(8,2,2,2,1,1): 7701
V(8,2,2,2,2): 3427
V(8,3,1,1,1,1,1): 7285
V(8,3,2,1,1,1): 18074
V(8,3,2,2,1): 17337
V(8,3,3,1,1): 13898
V(8,3,3,2): 9728
V(8,4,1,1,1,1): 10025
V(8,4,2,1,1): 22497
V(8,4,2,2): 13011
V(8,4,3,1): 16124
V(8,4,4): 3081
V(8,5,1,1,1): 8402
V(8,5,2,1): 14052
V(8,5,3): 5815
V(8,6,1,1): 3982
V(8,6,2): 3558
V(8,7,1): 897
V(8,8): 58
V(9,1,1,1,1,1,1,1): 740
V(9,2,1,1,1,1,1): 2874
V(9,2,2,1,1,1): 4673
V(9,2,2,2,1): 3661
V(9,3,1,1,1,1): 5101
V(9,3,2,1,1): 9162
V(9,3,2,2): 4791
V(9,3,3,1): 4667
V(9,4,1,1,1): 5260
V(9,4,2,1): 7815
V(9,4,3): 2844
V(9,5,1,1): 3220
V(9,5,2): 2755
V(9,6,1): 1060
V(9,7): 139
V(10,1,1,1,1,1,1): 495
V(10,2,1,1,1,1): 1456
V(10,2,2,1,1): 1724
V(10,2,2,2): 741
V(10,3,1,1,1): 1941
V(10,3,2,1): 2327
V(10,3,3): 619
V(10,4,1,1): 1474
V(10,4,2): 1121
V(10,5,1): 623
V(10,6): 112
V(11,1,1,1,1,1): 181
V(11,2,1,1,1): 385
V(11,2,2,1): 299
V(11,3,1,1): 366
V(11,3,2): 229
V(11,4,1): 196
V(11,5): 51
V(12,1,1,1,1): 28
V(12,2,1,1): 41
V(12,2,2): 14
V(12,3,1): 26
V(12,4): 9
V(2,2,2,2,1,1,1,1,1,1,1): 2
V(2,2,2,2,2,1,1,1,1,1): 20
V(2,2,2,2,2,2,1,1,1): 41
V(2,2,2,2,2,2,2,1): 41
V(3,2,2,1,1,1,1,1,1,1,1): 35
V(3,2,2,2,1,1,1,1,1,1): 214
V(3,2,2,2,2,1,1,1,1): 560
V(3,2,2,2,2,2,1,1): 735
V(3,2,2,2,2,2,2): 356
V(3,3,1,1,1,1,1,1,1,1,1): 45
V(3,3,2,1,1,1,1,1,1,1): 472
V(3,3,2,2,1,1,1,1,1): 1748
V(3,3,2,2,2,1,1,1): 3295
V(3,3,2,2,2,2,1): 2955
V(3,3,3,1,1,1,1,1,1): 1231
V(3,3,3,2,1,1,1,1): 4525
V(3,3,3,2,2,1,1): 6928
V(3,3,3,2,2,2): 3572
V(3,3,3,3,1,1,1): 4297
V(3,3,3,3,2,1): 5832
V(3,3,3,3,3): 1322
V(4,2,1,1,1,1,1,1,1,1,1): 117
V(4,2,2,1,1,1,1,1,1,1): 767
V(4,2,2,2,1,1,1,1,1): 2449
V(4,2,2,2,2,1,1,1): 4226
V(4,2,2,2,2,2,1): 3655
V(4,3,1,1,1,1,1,1,1,1): 902
V(4,3,2,1,1,1,1,1,1): 5551
V(4,3,2,2,1,1,1,1): 14930
V(4,3,2,2,2,1,1): 20278
V(4,3,2,2,2,2): 10008
V(4,3,3,1,1,1,1,1): 10658
V(4,3,3,2,1,1,1): 29702
V(4,3,3,2,2,1): 31054
V(4,3,3,3,1,1): 21028
V(4,3,3,3,2): 15085
V(4,4,1,1,1,1,1,1,1): 2370
V(4,4,2,1,1,1,1,1): 12762
V(4,4,2,2,1,1,1): 27932
V(4,4,2,2,2,1): 27079
V(4,4,3,1,1,1,1): 24653
V(4,4,3,2,1,1): 53503
V(4,4,3,2,2): 31097
V(4,4,3,3,1): 27955
V(4,4,4,1,1,1): 17350
V(4,4,4,2,1): 28178
V(4,4,4,3): 9838
V(5,1,1,1,1,1,1,1,1,1,1): 102
V(5,2,1,1,1,1,1,1,1,1): 1123
V(5,2,2,1,1,1,1,1,1): 4752
V(5,2,2,2,1,1,1,1): 10823
V(5,2,2,2,2,1,1): 13507
V(5,2,2,2,2,2): 6434
V(5,3,1,1,1,1,1,1,1): 5208
V(5,3,2,1,1,1,1,1): 24307
V(5,3,2,2,1,1,1): 49712
V(5,3,2,2,2,1): 46509
V(5,3,3,1,1,1,1): 36101
V(5,3,3,2,1,1): 74334
V(5,3,3,2,2): 42214
V(5,3,3,3,1): 35665
V(5,4,1,1,1,1,1,1): 12182
V(5,4,2,1,1,1,1): 51907
V(5,4,2,2,1,1): 85524
V(5,4,2,2,2): 45682
V(5,4,3,1,1,1): 79104
V(5,4,3,2,1): 117028
V(5,4,3,3): 32240
V(5,4,4,1,1): 44087
V(5,4,4,2): 37210
V(5,5,1,1,1,1,1): 13131
V(5,5,2,1,1,1): 46620
V(5,5,2,2,1): 54615
V(5,5,3,1,1): 58121
V(5,5,3,2): 46037
V(5,5,4,1): 27870
V(5,5,5): 3422
V(6,1,1,1,1,1,1,1,1,1): 579
V(6,2,1,1,1,1,1,1,1): 4279
V(6,2,2,1,1,1,1,1): 13815
V(6,2,2,2,1,1,1): 23934
V(6,2,2,2,2,1): 20714
V(6,3,1,1,1,1,1,1): 14706
V(6,3,2,1,1,1,1): 53874
V(6,3,2,2,1,1): 82140
V(6,3,2,2,2): 42403
V(6,3,3,1,1,1): 61489
V(6,3,3,2,1): 85783
V(6,3,3,3): 21528
V(6,4,1,1,1,1,1): 28226
V(6,4,2,1,1,1): 93526
V(6,4,2,2,1): 105994
V(6,4,3,1,1): 105901
V(6,4,3,2): 82082
V(6,4,4,1): 40302
V(6,5,1,1,1,1): 29954
V(6,5,2,1,1): 79207
V(6,5,2,2): 49820
V(6,5,3,1): 66507
V(6,5,4): 16599
V(6,6,1,1,1): 14677
V(6,6,2,1): 26824
V(6,6,3): 11890
V(7,1,1,1,1,1,1,1,1): 1472
V(7,2,1,1,1,1,1,1): 8674
V(7,2,2,1,1,1,1): 22068
V(7,2,2,2,1,1): 28723
V(7,2,2,2,2): 13891
V(7,3,1,1,1,1,1): 23405
V(7,3,2,1,1,1): 66325
V(7,3,2,2,1): 69602
V(7,3,3,1,1): 55750
V(7,3,3,2): 40950
V(7,4,1,1,1,1): 35766
V(7,4,2,1,1): 87685
V(7,4,2,2): 53351
V(7,4,3,1): 66227
V(7,4,4): 12892
V(7,5,1,1,1): 31270
V(7,5,2,1): 55206
V(7,5,3): 23503
V(7,6,1,1): 14297
V(7,6,2): 13250
V(7,7,1): 2614
V(8,1,1,1,1,1,1,1): 2152
V(8,2,1,1,1,1,1): 10277
V(8,2,2,1,1,1): 20379
V(8,2,2,2,1): 18505
V(8,3,1,1,1,1): 21890
V(8,3,2,1,1): 45957
V(8,3,2,2): 26185
V(8,3,3,1): 25864
V(8,4,1,1,1): 25841
V(8,4,2,1): 42391
V(8,4,3): 16297
V(8,5,1,1): 17007
V(8,5,2): 15274
V(8,6,1): 5603
V(8,7): 674
V(9,1,1,1,1,1,1): 1920
V(9,2,1,1,1,1): 7292
V(9,2,2,1,1): 10828
V(9,2,2,2): 5458
V(9,3,1,1,1): 11996
V(9,3,2,1): 17036
V(9,3,3): 4957
V(9,4,1,1): 10460
V(9,4,2): 8829
V(9,5,1): 4662
V(9,6): 818
V(10,1,1,1,1,1): 1041
V(10,2,1,1,1): 3033
V(10,2,2,1): 3092
V(10,3,1,1): 3682
V(10,3,2): 2749
V(10,4,1): 2177
V(10,5): 517
V(11,1,1,1,1): 320
V(11,2,1,1): 675
V(11,2,2): 370
V(11,3,1): 554
V(11,4): 179
V(12,1,1,1): 43
V(12,2,1): 60
V(12,3): 28
V(2,2,2,1,1,1,1,1,1,1,1): 33
V(2,2,2,2,1,1,1,1,1,1): 187
V(2,2,2,2,2,1,1,1,1): 434
V(2,2,2,2,2,2,1,1): 557
V(2,2,2,2,2,2,2): 255
V(3,2,1,1,1,1,1,1,1,1,1): 149
V(3,2,2,1,1,1,1,1,1,1): 999
V(3,2,2,2,1,1,1,1,1): 3123
V(3,2,2,2,2,1,1,1): 5293
V(3,2,2,2,2,2,1): 4521
V(3,3,1,1,1,1,1,1,1,1): 908
V(3,3,2,1,1,1,1,1,1): 5300
V(3,3,2,2,1,1,1,1): 13834
V(3,3,2,2,2,1,1): 18316
V(3,3,2,2,2,2): 8982
V(3,3,3,1,1,1,1,1): 8970
V(3,3,3,2,1,1,1): 24105
V(3,3,3,2,2,1): 24646
V(3,3,3,3,1,1): 16004
V(3,3,3,3,2): 11228
V(4,1,1,1,1,1,1,1,1,1,1): 147
V(4,2,1,1,1,1,1,1,1,1): 1726
V(4,2,2,1,1,1,1,1,1): 7655
V(4,2,2,2,1,1,1,1): 17737
V(4,2,2,2,2,1,1): 22383
V(4,2,2,2,2,2): 10648
V(4,3,1,1,1,1,1,1,1): 7626
V(4,3,2,1,1,1,1,1): 35754
V(4,3,2,2,1,1,1): 72987
V(4,3,2,2,2,1): 68155
V(4,3,3,1,1,1,1): 50772
V(4,3,3,2,1,1): 103271
V(4,3,3,2,2): 58361
V(4,3,3,3,1): 48081
V(4,4,1,1,1,1,1,1): 13778
V(4,4,2,1,1,1,1): 57462
V(4,4,2,2,1,1): 93703
V(4,4,2,2,2): 49642
V(4,4,3,1,1,1): 82922
V(4,4,3,2,1): 120977
V(4,4,3,3): 32446
V(4,4,4,1,1): 41150
V(4,4,4,2): 34185
V(5,1,1,1,1,1,1,1,1,1): 966
V(5,2,1,1,1,1,1,1,1): 7846
V(5,2,2,1,1,1,1,1): 27033
V(5,2,2,2,1,1,1): 48816
V(5,2,2,2,2,1): 43186
V(5,3,1,1,1,1,1,1): 27578
V(5,3,2,1,1,1,1): 104293
V(5,3,2,2,1,1): 161843
V(5,3,2,2,2): 84308
V(5,3,3,1,1,1): 118556
V(5,3,3,2,1): 166185
V(5,3,3,3): 41304
V(5,4,1,1,1,1,1): 49477
V(5,4,2,1,1,1): 165383
V(5,4,2,2,1): 188276
V(5,4,3,1,1): 184108
V(5,4,3,2): 142480
V(5,4,4,1): 66581
V(5,5,1,1,1,1): 40656
V(5,5,2,1,1): 107003
V(5,5,2,2): 67350
V(5,5,3,1): 87919
V(5,5,4): 20926
V(6,1,1,1,1,1,1,1,1): 2912
V(6,2,1,1,1,1,1,1): 19199
V(6,2,2,1,1,1,1): 53006
V(6,2,2,2,1,1): 72976
V(6,2,2,2,2): 36171
V(6,3,1,1,1,1,1): 55058
V(6,3,2,1,1,1): 164075
V(6,3,2,2,1): 177411
V(6,3,3,1,1): 140667
V(6,3,3,2): 104810
V(6,4,1,1,1,1): 84308
V(6,4,2,1,1): 212420
V(6,4,2,2): 130818
V(6,4,3,1): 161165
V(6,4,4): 30739
V(6,5,1,1,1): 68684
V(6,5,2,1): 122771
V(6,5,3): 52155
V(6,6,1,1): 24609
V(6,6,2): 22826
V(7,1,1,1,1,1,1,1): 5198
V(7,2,1,1,1,1,1): 28185
V(7,2,2,1,1,1): 61633
V(7,2,2,2,1): 59530
V(7,3,1,1,1,1): 65388
V(7,3,2,1,1): 146249
V(7,3,2,2): 86115
V(7,3,3,1): 85048
V(7,4,1,1,1): 80150
V(7,4,2,1): 136298
V(7,4,3): 53157
V(7,5,1,1): 52205
V(7,5,2): 47776
V(7,6,1): 15967
V(7,7): 1511
V(8,1,1,1,1,1,1): 5878
V(8,2,1,1,1,1): 25735
V(8,2,2,1,1): 42695
V(8,2,2,2): 22770
V(8,3,1,1,1): 46844
V(8,3,2,1): 71246
V(8,3,3): 21515
V(8,4,1,1): 43075
V(8,4,2): 37590
V(8,5,1): 19313
V(8,6): 3245
V(9,1,1,1,1,1): 4238
V(9,2,1,1,1): 14553
V(9,2,2,1): 16668
V(9,3,1,1): 19688
V(9,3,2): 15664
V(9,4,1): 12175
V(9,5): 2835
V(10,1,1,1,1): 1894
V(10,2,1,1): 4861
V(10,2,2): 2981
V(10,3,1): 4421
V(10,4): 1400
V(11,1,1,1): 486
V(11,2,1): 837
V(11,3): 398
V(12,1,1): 57
V(12,2): 49
V(2,2,1,1,1,1,1,1,1,1,1): 114
V(2,2,2,1,1,1,1,1,1,1): 644
V(2,2,2,2,1,1,1,1,1): 1841
V(2,2,2,2,2,1,1,1): 2946
V(2,2,2,2,2,2,1): 2448
V(3,1,1,1,1,1,1,1,1,1,1): 170
V(3,2,1,1,1,1,1,1,1,1): 1870
V(3,2,2,1,1,1,1,1,1): 7857
V(3,2,2,2,1,1,1,1): 17630
V(3,2,2,2,2,1,1): 21720
V(3,2,2,2,2,2): 10269
V(3,3,1,1,1,1,1,1,1): 6159
V(3,3,2,1,1,1,1,1): 27132
V(3,3,2,2,1,1,1): 53442
V(3,3,2,2,2,1): 48898
V(3,3,3,1,1,1,1): 34073
V(3,3,3,2,1,1): 66947
V(3,3,3,2,2): 37193
V(3,3,3,3,1): 29388
V(4,1,1,1,1,1,1,1,1,1): 1318
V(4,2,1,1,1,1,1,1,1): 10712
V(4,2,2,1,1,1,1,1): 36695
V(4,2,2,2,1,1,1): 65868
V(4,2,2,2,2,1): 58029
V(4,3,1,1,1,1,1,1): 34398
V(4,3,2,1,1,1,1): 127238
V(4,3,2,2,1,1): 195016
V(4,3,2,2,2): 100871
V(4,3,3,1,1,1): 136947
V(4,3,3,2,1): 189220
V(4,3,3,3): 45791
V(4,4,1,1,1,1,1): 46618
V(4,4,2,1,1,1): 151580
V(4,4,2,2,1): 170127
V(4,4,3,1,1): 159667
V(4,4,3,2): 122005
V(4,4,4,1): 51713
V(5,1,1,1,1,1,1,1,1): 4724
V(5,2,1,1,1,1,1,1): 32082
V(5,2,2,1,1,1,1): 90326
V(5,2,2,2,1,1): 125499
V(5,2,2,2,2): 62591
V(5,3,1,1,1,1,1): 90103
V(5,3,2,1,1,1): 269091
V(5,3,2,2,1): 291181
V(5,3,3,1,1): 226021
V(5,3,3,2): 167768
V(5,4,1,1,1,1): 125744
V(5,4,2,1,1): 314434
V(5,4,2,2): 193213
V(5,4,3,1): 232847
V(5,4,4): 42306
V(5,5,1,1,1): 78171
V(5,5,2,1): 138321
V(5,5,3): 57392
V(6,1,1,1,1,1,1,1): 10094
V(6,2,1,1,1,1,1): 57543
V(6,2,2,1,1,1): 130183
V(6,2,2,2,1): 128123
V(6,3,1,1,1,1): 135170
V(6,3,2,1,1): 307414
V(6,3,2,2): 182297
V(6,3,3,1): 178449
V(6,4,1,1,1): 160954
V(6,4,2,1): 275135
V(6,4,3): 106511
V(6,5,1,1): 95777
V(6,5,2): 87530
V(6,6,1): 22547
V(7,1,1,1,1,1,1): 13874
V(7,2,1,1,1,1): 64951
V(7,2,2,1,1): 112363
V(7,2,2,2): 61314
V(7,3,1,1,1): 121983
V(7,3,2,1): 189829
V(7,3,3): 57670
V(7,4,1,1): 111963
V(7,4,2): 98842
V(7,5,1): 48447
V(7,6): 7442
V(8,1,1,1,1,1): 12507
V(8,2,1,1,1): 46389
V(8,2,2,1): 55604
V(8,3,1,1): 65367
V(8,3,2): 53136
V(8,4,1): 40711
V(8,5): 9244
V(9,1,1,1,1): 7315
V(9,2,1,1): 20302
V(9,2,2): 13050
V(9,3,1): 19192
V(9,4): 6098
V(10,1,1,1): 2659
V(10,2,1): 4961
V(10,3): 2389
V(11,1,1): 542
V(11,2): 517
V(12,1): 47
V(2,1,1,1,1,1,1,1,1,1,1): 139
V(2,2,1,1,1,1,1,1,1,1): 1057
V(2,2,2,1,1,1,1,1,1): 3877
V(2,2,2,2,1,1,1,1): 8000
V(2,2,2,2,2,1,1): 9479
V(2,2,2,2,2,2): 4357
V(3,1,1,1,1,1,1,1,1,1): 1324
V(3,2,1,1,1,1,1,1,1): 9558
V(3,2,2,1,1,1,1,1): 30711
V(3,2,2,2,1,1,1): 53117
V(3,2,2,2,2,1): 45878
V(3,3,1,1,1,1,1,1): 22730
V(3,3,2,1,1,1,1): 79141
V(3,3,2,2,1,1): 117096
V(3,3,2,2,2): 59734
V(3,3,3,1,1,1): 75745
V(3,3,3,2,1): 101471
V(3,3,3,3): 23280
V(4,1,1,1,1,1,1,1,1): 5768
V(4,2,1,1,1,1,1,1): 37670
V(4,2,2,1,1,1,1): 103283
V(4,2,2,2,1,1): 141489
V(4,2,2,2,2): 69964
V(4,3,1,1,1,1,1): 94916
V(4,3,2,1,1,1): 275273
V(4,3,2,2,1): 293370
V(4,3,3,1,1): 218721
V(4,3,3,2): 160331
V(4,4,1,1,1,1): 99629
V(4,4,2,1,1): 242351
V(4,4,2,2): 146850
V(4,4,3,1): 170345
V(4,4,4): 27869
V(5,1,1,1,1,1,1,1): 14882
V(5,2,1,1,1,1,1): 84311
V(5,2,2,1,1,1): 189877
V(5,2,2,2,1): 186386
V(5,3,1,1,1,1): 189720
V(5,3,2,1,1): 426892
V(5,3,2,2): 252056
V(5,3,3,1): 241459
V(5,4,1,1,1): 203650
V(5,4,2,1): 343918
V(5,4,3): 129918
V(5,5,1,1): 92060
V(5,5,2): 83387
V(6,1,1,1,1,1,1): 24659
V(6,2,1,1,1,1): 116806
V(6,2,2,1,1): 203739
V(6,2,2,2): 111441
V(6,3,1,1,1): 216603
V(6,3,2,1): 337284
V(6,3,3): 101485
V(6,4,1,1): 190330
V(6,4,2): 167411
V(6,5,1): 74556
V(6,6): 8725
V(7,1,1,1,1,1): 26954
V(7,2,1,1,1): 102388
V(7,2,2,1): 124432
V(7,3,1,1): 144641
V(7,3,2): 118241
V(7,4,1): 88418
V(7,5): 19185
V(8,1,1,1,1): 19421
V(8,2,1,1): 55601
V(8,2,2): 36194
V(8,3,1): 53009
V(8,4): 16634
V(9,1,1,1): 8990
V(9,2,1): 17290
V(9,3): 8367
V(10,1,1): 2508
V(10,2): 2430
V(11,1): 360
V(12): 16
V(1,1,1,1,1,1,1,1,1,1,1): 56
V(2,1,1,1,1,1,1,1,1,1): 833
V(2,2,1,1,1,1,1,1,1): 4338
V(2,2,2,1,1,1,1,1): 12188
V(2,2,2,2,1,1,1): 19654
V(2,2,2,2,2,1): 16403
V(3,1,1,1,1,1,1,1,1): 4866
V(3,2,1,1,1,1,1,1): 28008
V(3,2,2,1,1,1,1): 72117
V(3,2,2,2,1,1): 95367
V(3,2,2,2,2): 46506
V(3,3,1,1,1,1,1): 52598
V(3,3,2,1,1,1): 143747
V(3,3,2,2,1): 148695
V(3,3,3,1,1): 102197
V(3,3,3,2): 73122
V(4,1,1,1,1,1,1,1): 15791
V(4,2,1,1,1,1,1): 84597
V(4,2,2,1,1,1): 184719
V(4,2,2,2,1): 178413
V(4,3,1,1,1,1): 170140
V(4,3,2,1,1): 371759
V(4,3,2,2): 216535
V(4,3,3,1): 199594
V(4,4,1,1,1): 137802
V(4,4,2,1): 226669
V(4,4,3): 81727
V(5,1,1,1,1,1,1): 31981
V(5,2,1,1,1,1): 148101
V(5,2,2,1,1): 254803
V(5,2,2,2): 138677
V(5,3,1,1,1): 260851
V(5,3,2,1): 400628
V(5,3,3): 117508
V(5,4,1,1): 206107
V(5,4,2): 179342
V(5,5,1): 61452
V(6,1,1,1,1,1): 42256
V(6,2,1,1,1): 159607
V(6,2,2,1): 193338
V(6,3,1,1): 220297
V(6,3,2): 179152
V(6,4,1): 128176
V(6,5): 25097
V(7,1,1,1,1): 36793
V(7,2,1,1): 105581
V(7,2,2): 68947
V(7,3,1): 99710
V(7,4): 30556
V(8,1,1,1): 20749
V(8,2,1): 40142
V(8,3): 19326
V(9,1,1): 7191
V(9,2): 7043
V(10,1): 1360
V(11): 102
V(1,1,1,1,1,1,1,1,1,1): 253
V(2,1,1,1,1,1,1,1,1): 2478
V(2,2,1,1,1,1,1,1): 10513
V(2,2,2,1,1,1,1): 23811
V(2,2,2,2,1,1): 29717
V(2,2,2,2,2): 14068
V(3,1,1,1,1,1,1,1): 11228
V(3,2,1,1,1,1,1): 53408
V(3,2,2,1,1,1): 109826
V(3,2,2,2,1): 103005
V(3,3,1,1,1,1): 80616
V(3,3,2,1,1): 166555
V(3,3,2,2): 94908
V(3,3,3,1): 80565
V(4,1,1,1,1,1,1): 29312
V(4,2,1,1,1,1): 128010
V(4,2,2,1,1): 213786
V(4,2,2,2): 114677
V(4,3,1,1,1): 201961
V(4,3,2,1): 301979
V(4,3,3): 84578
V(4,4,1,1): 121016
V(4,4,2): 102888
V(5,1,1,1,1,1): 47850
V(5,2,1,1,1): 175545
V(5,2,2,1): 209546
V(5,3,1,1): 229800
V(5,3,2): 184708
V(5,4,1): 120535
V(5,5): 18079
V(6,1,1,1,1): 50409
V(6,2,1,1): 142863
V(6,2,2): 92641
V(6,3,1): 131367
V(6,4): 38276
V(7,1,1,1): 34169
V(7,2,1): 65807
V(7,3): 31276
V(8,1,1): 14296
V(8,2): 13942
V(9,1): 3311
V(10): 315
V(1,1,1,1,1,1,1,1,1): 570
V(2,1,1,1,1,1,1,1): 4786
V(2,2,1,1,1,1,1): 16922
V(2,2,2,1,1,1): 31020
V(2,2,2,2,1): 27675
V(3,1,1,1,1,1,1): 17909
V(3,2,1,1,1,1): 69844
V(3,2,2,1,1): 110384
V(3,2,2,2): 57938
V(3,3,1,1,1): 83165
V(3,3,2,1): 118490
V(3,3,3): 30175
V(4,1,1,1,1,1): 38152
V(4,2,1,1,1): 132452
V(4,2,2,1): 153879
V(4,3,1,1): 155947
V(4,3,2): 122594
V(4,4,1): 62332
V(5,1,1,1,1): 50025
V(5,2,1,1): 137621
V(5,2,2): 88211
V(5,3,1): 120339
V(5,4): 31791
V(6,1,1,1): 41087
V(6,2,1): 77957
V(6,3): 36085
V(7,1,1): 20554
V(7,2): 19961
V(8,1): 5694
V(9): 661
V(1,1,1,1,1,1,1,1): 891
V(2,1,1,1,1,1,1): 6535
V(2,2,1,1,1,1): 19125
V(2,2,2,1,1): 27314
V(2,2,2,2): 13730
V(3,1,1,1,1,1): 20394
V(3,2,1,1,1): 63455
V(3,2,2,1): 70311
V(3,3,1,1): 56756
V(3,3,2): 43009
V(4,1,1,1,1): 35139
V(4,2,1,1): 91896
V(4,2,2): 57559
V(4,3,1): 72642
V(4,4): 14701
V(5,1,1,1): 36022
V(5,2,1): 66604
V(5,3): 29487
V(6,1,1): 21873
V(6,2): 20923
V(7,1): 7234
V(8): 994
V(1,1,1,1,1,1,1): 1056
V(2,1,1,1,1,1): 6503
V(2,2,1,1,1): 15400
V(2,2,2,1): 15554
V(3,1,1,1,1): 16638
V(3,2,1,1): 39257
V(3,2,2): 23704
V(3,3,1): 23830
V(4,1,1,1): 22584
V(4,2,1): 39849
V(4,3): 16068
V(5,1,1): 17123
V(5,2): 16074
V(6,1): 6863
V(7): 1133
V(1,1,1,1,1,1): 942
V(2,1,1,1,1): 4735
V(2,2,1,1): 8621
V(2,2,2): 4779
V(3,1,1,1): 9572
V(3,2,1): 15430
V(3,3): 4865
V(4,1,1): 9680
V(4,2): 8714
V(5,1): 4861
V(6): 962
V(1,1,1,1,1): 617
V(2,1,1,1): 2475
V(2,2,1): 3106
V(3,1,1): 3725
V(3,2): 3116
V(4,1): 2492
V(5): 626
V(1,1,1,1): 290
V(2,1,1): 885
V(2,2): 581
V(3,1): 887
V(4): 291
V(1,1,1): 96
V(2,1): 194
V(3): 97
V(1,1): 21
V(2): 19
V(1): 2
