V(6,6,5,5,2): 1
V(6,6,6,3,3): 1
V(7,5,5,5,1,1): 1
V(7,6,5,3,2,1): 1
V(7,7,4,2,2,2): 1
V(8,5,5,3,1,1,1): 1
V(8,6,4,2,2,1,1): 1
V(8,7,2,2,2,2,1): 1
V(9,5,4,2,1,1,1,1): 1
V(9,6,2,2,2,1,1,1): 1
V(10,4,4,1,1,1,1,1,1): 1
V(10,5,2,2,1,1,1,1,1): 1
V(11,4,2,1,1,1,1,1,1,1): 1
V(12,3,1,1,1,1,1,1,1,1,1): 1
V(13,1,1,1,1,1,1,1,1,1,1,1): 1
V(5,5,5,5,2,1): 1
V(6,5,5,3,2,1,1): 1
V(6,5,5,3,2,2): 1
V(6,5,5,3,3,1): 1
V(6,5,5,4,1,1,1): 1
V(6,5,5,4,2,1): 2
V(6,5,5,4,3): 1
V(6,5,5,5,1,1): 3
V(6,5,5,5,2): 3
V(6,6,4,2,2,2,1): 1
V(6,6,4,3,2,1,1): 1
V(6,6,4,3,2,2): 1
V(6,6,4,3,3,1): 1
V(6,6,4,4,2,1): 1
V(6,6,4,4,3): 1
V(6,6,5,2,2,1,1): 1
V(6,6,5,2,2,2): 1
V(6,6,5,3,1,1,1): 1
V(6,6,5,3,2,1): 5
V(6,6,5,3,3): 3
V(6,6,5,4,1,1): 2
V(6,6,5,4,2): 4
V(6,6,5,5,1): 3
V(6,6,6,2,2,1): 1
V(6,6,6,3,1,1): 1
V(6,6,6,3,2): 3
V(6,6,6,4,1): 1
V(7,5,4,2,2,1,1,1): 1
V(7,5,4,2,2,2,1): 1
V(7,5,4,3,1,1,1,1): 1
V(7,5,4,3,2,1,1): 2
V(7,5,4,3,2,2): 1
V(7,5,4,3,3,1): 1
V(7,5,4,4,1,1,1): 1
V(7,5,4,4,2,1): 1
V(7,5,5,2,1,1,1,1): 1
V(7,5,5,2,2,1,1): 2
V(7,5,5,2,2,2): 1
V(7,5,5,3,1,1,1): 4
V(7,5,5,3,2,1): 5
V(7,5,5,3,3): 1
V(7,5,5,4,1,1): 4
V(7,5,5,4,2): 2
V(7,5,5,5,1): 3
V(7,6,2,2,2,2,1,1): 1
V(7,6,2,2,2,2,2): 1
V(7,6,3,2,2,1,1,1): 1
V(7,6,3,2,2,2,1): 2
V(7,6,3,3,2,1,1): 1
V(7,6,3,3,2,2): 1
V(7,6,4,2,1,1,1,1): 1
V(7,6,4,2,2,1,1): 5
V(7,6,4,2,2,2): 4
V(7,6,4,3,1,1,1): 2
V(7,6,4,3,2,1): 6
V(7,6,4,3,3): 1
V(7,6,4,4,1,1): 1
V(7,6,4,4,2): 1
V(7,6,5,2,1,1,1): 2
V(7,6,5,2,2,1): 5
V(7,6,5,3,1,1): 5
V(7,6,5,3,2): 5
V(7,6,5,4,1): 2
V(7,6,5,5): 1
V(7,6,6,2,1,1): 1
V(7,6,6,2,2): 1
V(7,6,6,3,1): 1
V(7,7,2,2,2,1,1,1): 1
V(7,7,2,2,2,2,1): 3
V(7,7,3,2,2,1,1): 2
V(7,7,3,2,2,2): 3
V(7,7,3,3,2,1): 1
V(7,7,4,2,1,1,1): 1
V(7,7,4,2,2,1): 4
V(7,7,4,3,1,1): 1
V(7,7,4,3,2): 1
V(7,7,5,2,1,1): 1
V(7,7,5,2,2): 1
V(7,7,5,3,1): 1
V(8,4,4,2,1,1,1,1,1): 1
V(8,4,4,2,2,1,1,1): 1
V(8,4,4,3,1,1,1,1): 1
V(8,4,4,3,2,1,1): 1
V(8,5,2,2,2,1,1,1,1): 1
V(8,5,2,2,2,2,1,1): 1
V(8,5,3,2,1,1,1,1,1): 1
V(8,5,3,2,2,1,1,1): 2
V(8,5,3,2,2,2,1): 1
V(8,5,3,3,1,1,1,1): 1
V(8,5,3,3,2,1,1): 1
V(8,5,4,1,1,1,1,1,1): 1
V(8,5,4,2,1,1,1,1): 5
V(8,5,4,2,2,1,1): 5
V(8,5,4,2,2,2): 1
V(8,5,4,3,1,1,1): 5
V(8,5,4,3,2,1): 2
V(8,5,4,4,1,1): 1
V(8,5,5,1,1,1,1,1): 1
V(8,5,5,2,1,1,1): 4
V(8,5,5,2,2,1): 2
V(8,5,5,3,1,1): 4
V(8,5,5,3,2): 1
V(8,5,5,4,1): 1
V(8,6,2,2,1,1,1,1,1): 1
V(8,6,2,2,2,1,1,1): 4
V(8,6,2,2,2,2,1): 4
V(8,6,3,2,1,1,1,1): 2
V(8,6,3,2,2,1,1): 5
V(8,6,3,2,2,2): 2
V(8,6,3,3,1,1,1): 1
V(8,6,3,3,2,1): 1
V(8,6,4,1,1,1,1,1): 1
V(8,6,4,2,1,1,1): 5
V(8,6,4,2,2,1): 5
V(8,6,4,3,1,1): 2
V(8,6,4,3,2): 1
V(8,6,5,1,1,1,1): 1
V(8,6,5,2,1,1): 2
V(8,6,5,2,2): 1
V(8,6,5,3,1): 1
V(8,7,2,2,1,1,1,1): 1
V(8,7,2,2,2,1,1): 4
V(8,7,2,2,2,2): 3
V(8,7,3,2,1,1,1): 1
V(8,7,3,2,2,1): 2
V(8,7,4,2,1,1): 1
V(8,7,4,2,2): 1
V(8,8,2,2,2,1): 1
V(9,4,2,2,1,1,1,1,1,1): 1
V(9,4,2,2,2,1,1,1,1): 1
V(9,4,3,1,1,1,1,1,1,1): 1
V(9,4,3,2,1,1,1,1,1): 2
V(9,4,3,2,2,1,1,1): 1
V(9,4,3,3,1,1,1,1): 1
V(9,4,4,1,1,1,1,1,1): 3
V(9,4,4,2,1,1,1,1): 4
V(9,4,4,2,2,1,1): 1
V(9,4,4,3,1,1,1): 1
V(9,5,2,1,1,1,1,1,1,1): 1
V(9,5,2,2,1,1,1,1,1): 4
V(9,5,2,2,2,1,1,1): 4
V(9,5,2,2,2,2,1): 1
V(9,5,3,1,1,1,1,1,1): 2
V(9,5,3,2,1,1,1,1): 5
V(9,5,3,2,2,1,1): 2
V(9,5,3,3,1,1,1): 1
V(9,5,4,1,1,1,1,1): 4
V(9,5,4,2,1,1,1): 5
V(9,5,4,2,2,1): 1
V(9,5,4,3,1,1): 1
V(9,5,5,1,1,1,1): 1
V(9,5,5,2,1,1): 1
V(9,6,2,1,1,1,1,1,1): 1
V(9,6,2,2,1,1,1,1): 4
V(9,6,2,2,2,1,1): 4
V(9,6,2,2,2,2): 1
V(9,6,3,1,1,1,1,1): 1
V(9,6,3,2,1,1,1): 2
V(9,6,3,2,2,1): 1
V(9,6,4,1,1,1,1): 1
V(9,6,4,2,1,1): 1
V(9,7,2,2,1,1,1): 1
V(9,7,2,2,2,1): 1
V(10,3,2,1,1,1,1,1,1,1,1): 1
V(10,3,2,2,1,1,1,1,1,1): 1
V(10,3,3,1,1,1,1,1,1,1): 1
V(10,3,3,2,1,1,1,1,1): 1
V(10,4,1,1,1,1,1,1,1,1,1): 1
V(10,4,2,1,1,1,1,1,1,1): 4
V(10,4,2,2,1,1,1,1,1): 4
V(10,4,2,2,2,1,1,1): 1
V(10,4,3,1,1,1,1,1,1): 4
V(10,4,3,2,1,1,1,1): 2
V(10,4,4,1,1,1,1,1): 3
V(10,4,4,2,1,1,1): 1
V(10,5,1,1,1,1,1,1,1,1): 1
V(10,5,2,1,1,1,1,1,1): 4
V(10,5,2,2,1,1,1,1): 4
V(10,5,2,2,2,1,1): 1
V(10,5,3,1,1,1,1,1): 2
V(10,5,3,2,1,1,1): 1
V(10,5,4,1,1,1,1): 1
V(10,6,2,1,1,1,1,1): 1
V(10,6,2,2,1,1,1): 1
V(11,2,1,1,1,1,1,1,1,1,1,1): 1
V(11,2,2,1,1,1,1,1,1,1,1): 1
V(11,3,1,1,1,1,1,1,1,1,1): 3
V(11,3,2,1,1,1,1,1,1,1): 4
V(11,3,2,2,1,1,1,1,1): 1
V(11,3,3,1,1,1,1,1,1): 1
V(11,4,1,1,1,1,1,1,1,1): 3
V(11,4,2,1,1,1,1,1,1): 4
V(11,4,2,2,1,1,1,1): 1
V(11,4,3,1,1,1,1,1): 1
V(11,5,1,1,1,1,1,1,1): 1
V(11,5,2,1,1,1,1,1): 1
V(12,1,1,1,1,1,1,1,1,1,1,1): 2
V(12,2,1,1,1,1,1,1,1,1,1): 3
V(12,2,2,1,1,1,1,1,1,1): 1
V(12,3,1,1,1,1,1,1,1,1): 3
V(12,3,2,1,1,1,1,1,1): 1
V(12,4,1,1,1,1,1,1,1): 1
V(13,1,1,1,1,1,1,1,1,1,1): 2
V(13,2,1,1,1,1,1,1,1,1): 1
V(5,5,4,2,2,2,2): 1
V(5,5,4,3,2,1,1,1): 1
V(5,5,4,3,2,2,1): 2
V(5,5,4,3,3,1,1): 2
V(5,5,4,3,3,2): 1
V(5,5,4,4,1,1,1,1): 1
V(5,5,4,4,2,1,1): 2
V(5,5,4,4,2,2): 3
V(5,5,4,4,3,1): 2
V(5,5,4,4,4): 1
V(5,5,5,2,2,1,1,1): 1
V(5,5,5,2,2,2,1): 2
V(5,5,5,3,1,1,1,1): 1
V(5,5,5,3,2,1,1): 7
V(5,5,5,3,2,2): 5
V(5,5,5,3,3,1): 6
V(5,5,5,4,1,1,1): 5
V(5,5,5,4,2,1): 12
V(5,5,5,4,3): 5
V(5,5,5,5,1,1): 9
V(5,5,5,5,2): 6
V(6,4,4,2,2,2,1,1): 1
V(6,4,4,3,1,1,1,1,1): 1
V(6,4,4,3,2,1,1,1): 2
V(6,4,4,3,2,2,1): 3
V(6,4,4,3,3,1,1): 1
V(6,4,4,3,3,2): 2
V(6,4,4,4,1,1,1,1): 1
V(6,4,4,4,2,1,1): 3
V(6,4,4,4,2,2): 1
V(6,4,4,4,3,1): 2
V(6,5,2,2,2,2,2,1): 1
V(6,5,3,2,2,1,1,1,1): 1
V(6,5,3,2,2,2,1,1): 3
V(6,5,3,2,2,2,2): 2
V(6,5,3,3,2,1,1,1): 3
V(6,5,3,3,2,2,1): 4
V(6,5,3,3,3,1,1): 3
V(6,5,3,3,3,2): 2
V(6,5,4,2,1,1,1,1,1): 2
V(6,5,4,2,2,1,1,1): 9
V(6,5,4,2,2,2,1): 13
V(6,5,4,3,1,1,1,1): 8
V(6,5,4,3,2,1,1): 26
V(6,5,4,3,2,2): 18
V(6,5,4,3,3,1): 17
V(6,5,4,4,1,1,1): 11
V(6,5,4,4,2,1): 23
V(6,5,4,4,3): 10
V(6,5,5,2,1,1,1,1): 7
V(6,5,5,2,2,1,1): 19
V(6,5,5,2,2,2): 14
V(6,5,5,3,1,1,1): 26
V(6,5,5,3,2,1): 48
V(6,5,5,3,3): 15
V(6,5,5,4,1,1): 32
V(6,5,5,4,2): 32
V(6,5,5,5,1): 19
V(6,6,2,2,2,1,1,1,1): 1
V(6,6,2,2,2,2,1,1): 5
V(6,6,2,2,2,2,2): 3
V(6,6,3,2,1,1,1,1,1): 1
V(6,6,3,2,2,1,1,1): 8
V(6,6,3,2,2,2,1): 14
V(6,6,3,3,1,1,1,1): 3
V(6,6,3,3,2,1,1): 13
V(6,6,3,3,2,2): 11
V(6,6,3,3,3,1): 7
V(6,6,4,1,1,1,1,1,1): 1
V(6,6,4,2,1,1,1,1): 8
V(6,6,4,2,2,1,1): 32
V(6,6,4,2,2,2): 19
V(6,6,4,3,1,1,1): 21
V(6,6,4,3,2,1): 50
V(6,6,4,3,3): 19
V(6,6,4,4,1,1): 20
V(6,6,4,4,2): 19
V(6,6,5,1,1,1,1,1): 2
V(6,6,5,2,1,1,1): 20
V(6,6,5,2,2,1): 39
V(6,6,5,3,1,1): 42
V(6,6,5,3,2): 47
V(6,6,5,4,1): 31
V(6,6,5,5): 9
V(6,6,6,1,1,1,1): 1
V(6,6,6,2,1,1): 13
V(6,6,6,2,2): 10
V(6,6,6,3,1): 18
V(6,6,6,4): 4
V(7,4,2,2,2,2,1,1,1): 1
V(7,4,3,2,1,1,1,1,1,1): 1
V(7,4,3,2,2,1,1,1,1): 3
V(7,4,3,2,2,2,1,1): 3
V(7,4,3,2,2,2,2): 1
V(7,4,3,3,1,1,1,1,1): 2
V(7,4,3,3,2,1,1,1): 4
V(7,4,3,3,2,2,1): 3
V(7,4,3,3,3,1,1): 2
V(7,4,3,3,3,2): 1
V(7,4,4,1,1,1,1,1,1,1): 1
V(7,4,4,2,1,1,1,1,1): 6
V(7,4,4,2,2,1,1,1): 12
V(7,4,4,2,2,2,1): 8
V(7,4,4,3,1,1,1,1): 11
V(7,4,4,3,2,1,1): 18
V(7,4,4,3,2,2): 8
V(7,4,4,3,3,1): 7
V(7,4,4,4,1,1,1): 7
V(7,4,4,4,2,1): 8
V(7,4,4,4,3): 2
V(7,5,2,2,1,1,1,1,1,1): 1
V(7,5,2,2,2,1,1,1,1): 6
V(7,5,2,2,2,2,1,1): 9
V(7,5,2,2,2,2,2): 5
V(7,5,3,1,1,1,1,1,1,1): 1
V(7,5,3,2,1,1,1,1,1): 9
V(7,5,3,2,2,1,1,1): 23
V(7,5,3,2,2,2,1): 22
V(7,5,3,3,1,1,1,1): 13
V(7,5,3,3,2,1,1): 26
V(7,5,3,3,2,2): 13
V(7,5,3,3,3,1): 9
V(7,5,4,1,1,1,1,1,1): 6
V(7,5,4,2,1,1,1,1): 35
V(7,5,4,2,2,1,1): 56
V(7,5,4,2,2,2): 31
V(7,5,4,3,1,1,1): 51
V(7,5,4,3,2,1): 68
V(7,5,4,3,3): 15
V(7,5,4,4,1,1): 27
V(7,5,4,4,2): 22
V(7,5,5,1,1,1,1,1): 9
V(7,5,5,2,1,1,1): 40
V(7,5,5,2,2,1): 48
V(7,5,5,3,1,1): 58
V(7,5,5,3,2): 42
V(7,5,5,4,1): 32
V(7,5,5,5): 6
V(7,6,2,1,1,1,1,1,1,1): 1
V(7,6,2,2,1,1,1,1,1): 6
V(7,6,2,2,2,1,1,1): 23
V(7,6,2,2,2,2,1): 27
V(7,6,3,1,1,1,1,1,1): 3
V(7,6,3,2,1,1,1,1): 23
V(7,6,3,2,2,1,1): 54
V(7,6,3,2,2,2): 34
V(7,6,3,3,1,1,1): 24
V(7,6,3,3,2,1): 41
V(7,6,3,3,3): 7
V(7,6,4,1,1,1,1,1): 11
V(7,6,4,2,1,1,1): 56
V(7,6,4,2,2,1): 79
V(7,6,4,3,1,1): 61
V(7,6,4,3,2): 50
V(7,6,4,4,1): 21
V(7,6,5,1,1,1,1): 15
V(7,6,5,2,1,1): 54
V(7,6,5,2,2): 39
V(7,6,5,3,1): 48
V(7,6,5,4): 12
V(7,6,6,1,1,1): 6
V(7,6,6,2,1): 14
V(7,6,6,3): 6
V(7,7,2,1,1,1,1,1,1): 1
V(7,7,2,2,1,1,1,1): 9
V(7,7,2,2,2,1,1): 23
V(7,7,2,2,2,2): 18
V(7,7,3,1,1,1,1,1): 3
V(7,7,3,2,1,1,1): 20
V(7,7,3,2,2,1): 34
V(7,7,3,3,1,1): 13
V(7,7,3,3,2): 10
V(7,7,4,1,1,1,1): 8
V(7,7,4,2,1,1): 27
V(7,7,4,2,2): 24
V(7,7,4,3,1): 16
V(7,7,4,4): 3
V(7,7,5,1,1,1): 7
V(7,7,5,2,1): 15
V(7,7,5,3): 5
V(7,7,6,1,1): 1
V(7,7,6,2): 2
V(8,3,2,2,2,1,1,1,1,1): 1
V(8,3,3,1,1,1,1,1,1,1,1): 1
V(8,3,3,2,1,1,1,1,1,1): 2
V(8,3,3,2,2,1,1,1,1): 3
V(8,3,3,2,2,2,1,1): 1
V(8,3,3,3,1,1,1,1,1): 1
V(8,3,3,3,2,1,1,1): 2
V(8,3,3,3,3,1,1): 1
V(8,4,2,1,1,1,1,1,1,1,1): 1
V(8,4,2,2,1,1,1,1,1,1): 6
V(8,4,2,2,2,1,1,1,1): 9
V(8,4,2,2,2,2,1,1): 6
V(8,4,2,2,2,2,2): 1
V(8,4,3,1,1,1,1,1,1,1): 6
V(8,4,3,2,1,1,1,1,1): 20
V(8,4,3,2,2,1,1,1): 22
V(8,4,3,2,2,2,1): 9
V(8,4,3,3,1,1,1,1): 16
V(8,4,3,3,2,1,1): 14
V(8,4,3,3,2,2): 3
V(8,4,3,3,3,1): 2
V(8,4,4,1,1,1,1,1,1): 15
V(8,4,4,2,1,1,1,1): 34
V(8,4,4,2,2,1,1): 31
V(8,4,4,2,2,2): 7
V(8,4,4,3,1,1,1): 25
V(8,4,4,3,2,1): 18
V(8,4,4,3,3): 3
V(8,4,4,4,1,1): 7
V(8,4,4,4,2): 2
V(8,5,1,1,1,1,1,1,1,1,1): 1
V(8,5,2,1,1,1,1,1,1,1): 6
V(8,5,2,2,1,1,1,1,1): 24
V(8,5,2,2,2,1,1,1): 33
V(8,5,2,2,2,2,1): 23
V(8,5,3,1,1,1,1,1,1): 17
V(8,5,3,2,1,1,1,1): 54
V(8,5,3,2,2,1,1): 56
V(8,5,3,2,2,2): 20
V(8,5,3,3,1,1,1): 37
V(8,5,3,3,2,1): 26
V(8,5,3,3,3): 2
V(8,5,4,1,1,1,1,1): 33
V(8,5,4,2,1,1,1): 77
V(8,5,4,2,2,1): 56
V(8,5,4,3,1,1): 51
V(8,5,4,3,2): 24
V(8,5,4,4,1): 12
V(8,5,5,1,1,1,1): 23
V(8,5,5,2,1,1): 40
V(8,5,5,2,2): 19
V(8,5,5,3,1): 22
V(8,5,5,4): 5
V(8,6,1,1,1,1,1,1,1,1): 1
V(8,6,2,1,1,1,1,1,1): 10
V(8,6,2,2,1,1,1,1): 33
V(8,6,2,2,2,1,1): 50
V(8,6,2,2,2,2): 23
V(8,6,3,1,1,1,1,1): 20
V(8,6,3,2,1,1,1): 56
V(8,6,3,2,2,1): 54
V(8,6,3,3,1,1): 24
V(8,6,3,3,2): 14
V(8,6,4,1,1,1,1): 26
V(8,6,4,2,1,1): 57
V(8,6,4,2,2): 27
V(8,6,4,3,1): 25
V(8,6,4,4): 2
V(8,6,5,1,1,1): 15
V(8,6,5,2,1): 22
V(8,6,5,3): 7
V(8,6,6,1,1): 3
V(8,6,6,2): 1
V(8,7,2,1,1,1,1,1): 6
V(8,7,2,2,1,1,1): 20
V(8,7,2,2,2,1): 27
V(8,7,3,1,1,1,1): 9
V(8,7,3,2,1,1): 22
V(8,7,3,2,2): 14
V(8,7,3,3,1): 4
V(8,7,4,1,1,1): 8
V(8,7,4,2,1): 13
V(8,7,4,3): 2
V(8,7,5,1,1): 2
V(8,7,5,2): 2
V(8,8,2,1,1,1,1): 1
V(8,8,2,2,1,1): 5
V(8,8,2,2,2): 3
V(8,8,3,1,1,1): 1
V(8,8,3,2,1): 2
V(8,8,4,1,1): 1
V(9,2,2,2,1,1,1,1,1,1,1): 1
V(9,3,1,1,1,1,1,1,1,1,1,1): 1
V(9,3,2,1,1,1,1,1,1,1,1): 5
V(9,3,2,2,1,1,1,1,1,1): 9
V(9,3,2,2,2,1,1,1,1): 6
V(9,3,2,2,2,2,1,1): 1
V(9,3,3,1,1,1,1,1,1,1): 8
V(9,3,3,2,1,1,1,1,1): 14
V(9,3,3,2,2,1,1,1): 7
V(9,3,3,2,2,2,1): 1
V(9,3,3,3,1,1,1,1): 6
V(9,3,3,3,2,1,1): 2
V(9,4,1,1,1,1,1,1,1,1,1): 4
V(9,4,2,1,1,1,1,1,1,1): 21
V(9,4,2,2,1,1,1,1,1): 32
V(9,4,2,2,2,1,1,1): 24
V(9,4,2,2,2,2,1): 6
V(9,4,3,1,1,1,1,1,1): 32
V(9,4,3,2,1,1,1,1): 47
V(9,4,3,2,2,1,1): 22
V(9,4,3,2,2,2): 3
V(9,4,3,3,1,1,1): 16
V(9,4,3,3,2,1): 5
V(9,4,4,1,1,1,1,1): 28
V(9,4,4,2,1,1,1): 34
V(9,4,4,2,2,1): 11
V(9,4,4,3,1,1): 11
V(9,4,4,3,2): 2
V(9,4,4,4,1): 1
V(9,5,1,1,1,1,1,1,1,1): 7
V(9,5,2,1,1,1,1,1,1): 31
V(9,5,2,2,1,1,1,1): 50
V(9,5,2,2,2,1,1): 33
V(9,5,2,2,2,2): 9
V(9,5,3,1,1,1,1,1): 41
V(9,5,3,2,1,1,1): 54
V(9,5,3,2,2,1): 23
V(9,5,3,3,1,1): 14
V(9,5,3,3,2): 3
V(9,5,4,1,1,1,1): 33
V(9,5,4,2,1,1): 32
V(9,5,4,2,2): 9
V(9,5,4,3,1): 8
V(9,5,4,4): 1
V(9,5,5,1,1,1): 9
V(9,5,5,2,1): 7
V(9,5,5,3): 1
V(9,6,1,1,1,1,1,1,1): 5
V(9,6,2,1,1,1,1,1): 20
V(9,6,2,2,1,1,1): 33
V(9,6,2,2,2,1): 20
V(9,6,3,1,1,1,1): 20
V(9,6,3,2,1,1): 23
V(9,6,3,2,2): 8
V(9,6,3,3,1): 3
V(9,6,4,1,1,1): 12
V(9,6,4,2,1): 9
V(9,6,4,3): 1
V(9,6,5,1,1): 2
V(9,6,5,2): 1
V(9,7,1,1,1,1,1,1): 1
V(9,7,2,1,1,1,1): 6
V(9,7,2,2,1,1): 9
V(9,7,2,2,2): 5
V(9,7,3,1,1,1): 3
V(9,7,3,2,1): 3
V(9,7,4,1,1): 1
V(9,7,4,2): 1
V(9,8,2,1,1,1): 1
V(9,8,2,2,1): 1
V(10,2,1,1,1,1,1,1,1,1,1,1): 3
V(10,2,2,1,1,1,1,1,1,1,1): 6
V(10,2,2,2,1,1,1,1,1,1): 5
V(10,2,2,2,2,1,1,1,1): 1
V(10,3,1,1,1,1,1,1,1,1,1): 12
V(10,3,2,1,1,1,1,1,1,1): 25
V(10,3,2,2,1,1,1,1,1): 22
V(10,3,2,2,2,1,1,1): 6
V(10,3,2,2,2,2,1): 1
V(10,3,3,1,1,1,1,1,1): 17
V(10,3,3,2,1,1,1,1): 14
V(10,3,3,2,2,1,1): 2
V(10,3,3,3,1,1,1): 3
V(10,4,1,1,1,1,1,1,1,1): 18
V(10,4,2,1,1,1,1,1,1): 43
V(10,4,2,2,1,1,1,1): 32
V(10,4,2,2,2,1,1): 10
V(10,4,2,2,2,2): 1
V(10,4,3,1,1,1,1,1): 32
V(10,4,3,2,1,1,1): 20
V(10,4,3,2,2,1): 3
V(10,4,3,3,1,1): 2
V(10,4,4,1,1,1,1): 11
V(10,4,4,2,1,1): 6
V(10,4,4,3,1): 1
V(10,5,1,1,1,1,1,1,1): 13
V(10,5,2,1,1,1,1,1): 31
V(10,5,2,2,1,1,1): 20
V(10,5,2,2,2,1): 6
V(10,5,3,1,1,1,1): 19
V(10,5,3,2,1,1): 9
V(10,5,3,2,2): 1
V(10,5,4,1,1,1): 6
V(10,5,4,2,1): 2
V(10,6,1,1,1,1,1,1): 5
V(10,6,2,1,1,1,1): 9
V(10,6,2,2,1,1): 6
V(10,6,2,2,2): 1
V(10,6,3,1,1,1): 3
V(10,6,3,2,1): 1
V(10,6,4,1,1): 1
V(10,7,1,1,1,1,1): 1
V(10,7,2,1,1,1): 1
V(10,7,2,2,1): 1
V(11,1,1,1,1,1,1,1,1,1,1,1): 5
V(11,2,1,1,1,1,1,1,1,1,1): 13
V(11,2,2,1,1,1,1,1,1,1): 15
V(11,2,2,2,1,1,1,1,1): 5
V(11,2,2,2,2,1,1,1): 1
V(11,3,1,1,1,1,1,1,1,1): 21
V(11,3,2,1,1,1,1,1,1): 25
V(11,3,2,2,1,1,1,1): 9
V(11,3,2,2,2,1,1): 1
V(11,3,3,1,1,1,1,1): 9
V(11,3,3,2,1,1,1): 2
V(11,4,1,1,1,1,1,1,1): 18
V(11,4,2,1,1,1,1,1): 18
V(11,4,2,2,1,1,1): 6
V(11,4,3,1,1,1,1): 6
V(11,4,3,2,1,1): 1
V(11,4,4,1,1,1): 1
V(11,5,1,1,1,1,1,1): 7
V(11,5,2,1,1,1,1): 6
V(11,5,2,2,1,1): 1
V(11,5,3,1,1,1): 1
V(11,6,1,1,1,1,1): 1
V(11,6,2,1,1,1): 1
V(12,1,1,1,1,1,1,1,1,1,1): 9
V(12,2,1,1,1,1,1,1,1,1): 13
V(12,2,2,1,1,1,1,1,1): 7
V(12,2,2,2,1,1,1,1): 1
V(12,3,1,1,1,1,1,1,1): 9
V(12,3,2,1,1,1,1,1): 5
V(12,3,3,1,1,1,1): 1
V(12,4,1,1,1,1,1,1): 4
V(12,4,2,1,1,1,1): 1
V(12,5,1,1,1,1,1): 1
V(13,1,1,1,1,1,1,1,1,1): 3
V(13,2,1,1,1,1,1,1,1): 3
V(13,3,1,1,1,1,1,1): 1
V(4,4,4,3,2,2,1,1): 1
V(4,4,4,3,2,2,2): 1
V(4,4,4,3,3,1,1,1): 1
V(4,4,4,3,3,2,1): 1
V(4,4,4,3,3,3): 1
V(4,4,4,4,1,1,1,1,1): 1
V(4,4,4,4,2,1,1,1): 1
V(4,4,4,4,2,2,1): 2
V(4,4,4,4,3,1,1): 1
V(4,4,4,4,3,2): 1
V(4,4,4,4,4,1): 1
V(5,4,3,2,2,2,1,1,1): 1
V(5,4,3,2,2,2,2,1): 2
V(5,4,3,3,2,1,1,1,1): 2
V(5,4,3,3,2,2,1,1): 5
V(5,4,3,3,2,2,2): 3
V(5,4,3,3,3,1,1,1): 3
V(5,4,3,3,3,2,1): 6
V(5,4,3,3,3,3): 1
V(5,4,4,2,1,1,1,1,1,1): 1
V(5,4,4,2,2,1,1,1,1): 4
V(5,4,4,2,2,2,1,1): 10
V(5,4,4,2,2,2,2): 7
V(5,4,4,3,1,1,1,1,1): 6
V(5,4,4,3,2,1,1,1): 22
V(5,4,4,3,2,2,1): 30
V(5,4,4,3,3,1,1): 21
V(5,4,4,3,3,2): 18
V(5,4,4,4,1,1,1,1): 10
V(5,4,4,4,2,1,1): 28
V(5,4,4,4,2,2): 20
V(5,4,4,4,3,1): 22
V(5,4,4,4,4): 4
V(5,5,2,2,2,2,1,1,1): 2
V(5,5,2,2,2,2,2,1): 4
V(5,5,3,2,1,1,1,1,1,1): 1
V(5,5,3,2,2,1,1,1,1): 8
V(5,5,3,2,2,2,1,1): 19
V(5,5,3,2,2,2,2): 13
V(5,5,3,3,1,1,1,1,1): 5
V(5,5,3,3,2,1,1,1): 26
V(5,5,3,3,2,2,1): 36
V(5,5,3,3,3,1,1): 25
V(5,5,3,3,3,2): 19
V(5,5,4,1,1,1,1,1,1,1): 1
V(5,5,4,2,1,1,1,1,1): 12
V(5,5,4,2,2,1,1,1): 48
V(5,5,4,2,2,2,1): 62
V(5,5,4,3,1,1,1,1): 45
V(5,5,4,3,2,1,1): 134
V(5,5,4,3,2,2): 90
V(5,5,4,3,3,1): 85
V(5,5,4,4,1,1,1): 58
V(5,5,4,4,2,1): 112
V(5,5,4,4,3): 45
V(5,5,5,1,1,1,1,1,1): 3
V(5,5,5,2,1,1,1,1): 32
V(5,5,5,2,2,1,1): 80
V(5,5,5,2,2,2): 52
V(5,5,5,3,1,1,1): 93
V(5,5,5,3,2,1): 166
V(5,5,5,3,3): 54
V(5,5,5,4,1,1): 104
V(5,5,5,4,2): 95
V(5,5,5,5,1): 42
V(6,3,3,2,2,1,1,1,1,1): 1
V(6,3,3,2,2,2,1,1,1): 2
V(6,3,3,2,2,2,2,1): 1
V(6,3,3,3,1,1,1,1,1,1): 1
V(6,3,3,3,2,1,1,1,1): 3
V(6,3,3,3,2,2,1,1): 4
V(6,3,3,3,2,2,2): 2
V(6,3,3,3,3,1,1,1): 3
V(6,3,3,3,3,2,1): 3
V(6,3,3,3,3,3): 1
V(6,4,2,2,2,1,1,1,1,1): 2
V(6,4,2,2,2,2,1,1,1): 6
V(6,4,2,2,2,2,2,1): 6
V(6,4,3,1,1,1,1,1,1,1,1): 1
V(6,4,3,2,1,1,1,1,1,1): 8
V(6,4,3,2,2,1,1,1,1): 26
V(6,4,3,2,2,2,1,1): 39
V(6,4,3,2,2,2,2): 19
V(6,4,3,3,1,1,1,1,1): 18
V(6,4,3,3,2,1,1,1): 54
V(6,4,3,3,2,2,1): 58
V(6,4,3,3,3,1,1): 38
V(6,4,3,3,3,2): 28
V(6,4,4,1,1,1,1,1,1,1): 5
V(6,4,4,2,1,1,1,1,1): 36
V(6,4,4,2,2,1,1,1): 85
V(6,4,4,2,2,2,1): 89
V(6,4,4,3,1,1,1,1): 78
V(6,4,4,3,2,1,1): 177
V(6,4,4,3,2,2): 106
V(6,4,4,3,3,1): 95
V(6,4,4,4,1,1,1): 66
V(6,4,4,4,2,1): 114
V(6,4,4,4,3): 43
V(6,5,2,1,1,1,1,1,1,1,1): 1
V(6,5,2,2,1,1,1,1,1,1): 7
V(6,5,2,2,2,1,1,1,1): 30
V(6,5,2,2,2,2,1,1): 52
V(6,5,2,2,2,2,2): 28
V(6,5,3,1,1,1,1,1,1,1): 8
V(6,5,3,2,1,1,1,1,1): 57
V(6,5,3,2,2,1,1,1): 157
V(6,5,3,2,2,2,1): 171
V(6,5,3,3,1,1,1,1): 100
V(6,5,3,3,2,1,1): 243
V(6,5,3,3,2,2): 148
V(6,5,3,3,3,1): 121
V(6,5,4,1,1,1,1,1,1): 33
V(6,5,4,2,1,1,1,1): 196
V(6,5,4,2,2,1,1): 386
V(6,5,4,2,2,2): 223
V(6,5,4,3,1,1,1): 354
V(6,5,4,3,2,1): 582
V(6,5,4,3,3): 168
V(6,5,4,4,1,1): 246
V(6,5,4,4,2): 223
V(6,5,5,1,1,1,1,1): 51
V(6,5,5,2,1,1,1): 250
V(6,5,5,2,2,1): 339
V(6,5,5,3,1,1): 388
V(6,5,5,3,2): 330
V(6,5,5,4,1): 235
V(6,5,5,5): 42
V(6,6,1,1,1,1,1,1,1,1,1): 1
V(6,6,2,1,1,1,1,1,1,1): 5
V(6,6,2,2,1,1,1,1,1): 30
V(6,6,2,2,2,1,1,1): 86
V(6,6,2,2,2,2,1): 94
V(6,6,3,1,1,1,1,1,1): 23
V(6,6,3,2,1,1,1,1): 133
V(6,6,3,2,2,1,1): 279
V(6,6,3,2,2,2): 163
V(6,6,3,3,1,1,1): 174
V(6,6,3,3,2,1): 286
V(6,6,3,3,3): 76
V(6,6,4,1,1,1,1,1): 69
V(6,6,4,2,1,1,1): 316
V(6,6,4,2,2,1): 434
V(6,6,4,3,1,1): 411
V(6,6,4,3,2): 354
V(6,6,4,4,1): 182
V(6,6,5,1,1,1,1): 96
V(6,6,5,2,1,1): 334
V(6,6,5,2,2): 240
V(6,6,5,3,1): 329
V(6,6,5,4): 94
V(6,6,6,1,1,1): 47
V(6,6,6,2,1): 105
V(6,6,6,3): 54
V(7,3,2,2,1,1,1,1,1,1,1): 2
V(7,3,2,2,2,1,1,1,1,1): 6
V(7,3,2,2,2,2,1,1,1): 6
V(7,3,2,2,2,2,2,1): 2
V(7,3,3,1,1,1,1,1,1,1,1): 4
V(7,3,3,2,1,1,1,1,1,1): 15
V(7,3,3,2,2,1,1,1,1): 28
V(7,3,3,2,2,2,1,1): 23
V(7,3,3,2,2,2,2): 7
V(7,3,3,3,1,1,1,1,1): 18
V(7,3,3,3,2,1,1,1): 33
V(7,3,3,3,2,2,1): 22
V(7,3,3,3,3,1,1): 16
V(7,3,3,3,3,2): 8
V(7,4,1,1,1,1,1,1,1,1,1,1): 1
V(7,4,2,1,1,1,1,1,1,1,1): 6
V(7,4,2,2,1,1,1,1,1,1): 29
V(7,4,2,2,2,1,1,1,1): 58
V(7,4,2,2,2,2,1,1): 58
V(7,4,2,2,2,2,2): 24
V(7,4,3,1,1,1,1,1,1,1): 31
V(7,4,3,2,1,1,1,1,1): 123
V(7,4,3,2,2,1,1,1): 202
V(7,4,3,2,2,2,1): 152
V(7,4,3,3,1,1,1,1): 138
V(7,4,3,3,2,1,1): 220
V(7,4,3,3,2,2): 105
V(7,4,3,3,3,1): 81
V(7,4,4,1,1,1,1,1,1): 66
V(7,4,4,2,1,1,1,1): 222
V(7,4,4,2,2,1,1): 302
V(7,4,4,2,2,2): 144
V(7,4,4,3,1,1,1): 264
V(7,4,4,3,2,1): 331
V(7,4,4,3,3): 80
V(7,4,4,4,1,1): 125
V(7,4,4,4,2): 96
V(7,5,1,1,1,1,1,1,1,1,1): 4
V(7,5,2,1,1,1,1,1,1,1): 31
V(7,5,2,2,1,1,1,1,1): 115
V(7,5,2,2,2,1,1,1): 207
V(7,5,2,2,2,2,1): 179
V(7,5,3,1,1,1,1,1,1): 102
V(7,5,3,2,1,1,1,1): 380
V(7,5,3,2,2,1,1): 554
V(7,5,3,2,2,2): 277
V(7,5,3,3,1,1,1): 371
V(7,5,3,3,2,1): 471
V(7,5,3,3,3): 100
V(7,5,4,1,1,1,1,1): 203
V(7,5,4,2,1,1,1): 651
V(7,5,4,2,2,1): 705
V(7,5,4,3,1,1): 666
V(7,5,4,3,2): 490
V(7,5,4,4,1): 245
V(7,5,5,1,1,1,1): 176
V(7,5,5,2,1,1): 464
V(7,5,5,2,2): 287
V(7,5,5,3,1): 379
V(7,5,5,4): 97
V(7,6,1,1,1,1,1,1,1,1): 8
V(7,6,2,1,1,1,1,1,1): 60
V(7,6,2,2,1,1,1,1): 201
V(7,6,2,2,2,1,1): 318
V(7,6,2,2,2,2): 169
V(7,6,3,1,1,1,1,1): 160
V(7,6,3,2,1,1,1): 521
V(7,6,3,2,2,1): 594
V(7,6,3,3,1,1): 390
V(7,6,3,3,2): 286
V(7,6,4,1,1,1,1): 260
V(7,6,4,2,1,1): 687
V(7,6,4,2,2): 432
V(7,6,4,3,1): 484
V(7,6,4,4): 90
V(7,6,5,1,1,1): 213
V(7,6,5,2,1): 398
V(7,6,5,3): 164
V(7,6,6,1,1): 61
V(7,6,6,2): 57
V(7,7,1,1,1,1,1,1,1): 7
V(7,7,2,1,1,1,1,1): 50
V(7,7,2,2,1,1,1): 143
V(7,7,2,2,2,1): 167
V(7,7,3,1,1,1,1): 106
V(7,7,3,2,1,1): 261
V(7,7,3,2,2): 166
V(7,7,3,3,1): 121
V(7,7,4,1,1,1): 126
V(7,7,4,2,1): 218
V(7,7,4,3): 73
V(7,7,5,1,1): 70
V(7,7,5,2): 64
V(7,7,6,1): 13
V(7,7,7): 1
V(8,2,2,1,1,1,1,1,1,1,1,1): 1
V(8,2,2,2,1,1,1,1,1,1,1): 4
V(8,2,2,2,2,1,1,1,1,1): 5
V(8,2,2,2,2,2,1,1,1): 2
V(8,3,1,1,1,1,1,1,1,1,1,1): 3
V(8,3,2,1,1,1,1,1,1,1,1): 20
V(8,3,2,2,1,1,1,1,1,1): 47
V(8,3,2,2,2,1,1,1,1): 54
V(8,3,2,2,2,2,1,1): 30
V(8,3,2,2,2,2,2): 6
V(8,3,3,1,1,1,1,1,1,1): 42
V(8,3,3,2,1,1,1,1,1): 102
V(8,3,3,2,2,1,1,1): 104
V(8,3,3,2,2,2,1): 47
V(8,3,3,3,1,1,1,1): 70
V(8,3,3,3,2,1,1): 70
V(8,3,3,3,2,2): 21
V(8,3,3,3,3,1): 17
V(8,4,1,1,1,1,1,1,1,1,1): 16
V(8,4,2,1,1,1,1,1,1,1): 86
V(8,4,2,2,1,1,1,1,1): 187
V(8,4,2,2,2,1,1,1): 204
V(8,4,2,2,2,2,1): 114
V(8,4,3,1,1,1,1,1,1): 179
V(8,4,3,2,1,1,1,1): 407
V(8,4,3,2,2,1,1): 378
V(8,4,3,2,2,2): 132
V(8,4,3,3,1,1,1): 261
V(8,4,3,3,2,1): 221
V(8,4,3,3,3): 34
V(8,4,4,1,1,1,1,1): 190
V(8,4,4,2,1,1,1): 388
V(8,4,4,2,2,1): 291
V(8,4,4,3,1,1): 262
V(8,4,4,3,2): 148
V(8,4,4,4,1): 66
V(8,5,1,1,1,1,1,1,1,1): 34
V(8,5,2,1,1,1,1,1,1): 171
V(8,5,2,2,1,1,1,1): 357
V(8,5,2,2,2,1,1): 367
V(8,5,2,2,2,2): 149
V(8,5,3,1,1,1,1,1): 323
V(8,5,3,2,1,1,1): 681
V(8,5,3,2,2,1): 538
V(8,5,3,3,1,1): 374
V(8,5,3,3,2): 208
V(8,5,4,1,1,1,1): 355
V(8,5,4,2,1,1): 641
V(8,5,4,2,2): 316
V(8,5,4,3,1): 347
V(8,5,4,4): 56
V(8,5,5,1,1,1): 176
V(8,5,5,2,1): 243
V(8,5,5,3): 84
V(8,6,1,1,1,1,1,1,1): 36
V(8,6,2,1,1,1,1,1): 179
V(8,6,2,2,1,1,1): 352
V(8,6,2,2,2,1): 309
V(8,6,3,1,1,1,1): 291
V(8,6,3,2,1,1): 531
V(8,6,3,2,2): 271
V(8,6,3,3,1): 207
V(8,6,4,1,1,1): 268
V(8,6,4,2,1): 374
V(8,6,4,3): 112
V(8,6,5,1,1): 120
V(8,6,5,2): 95
V(8,6,6,1): 17
V(8,7,1,1,1,1,1,1): 20
V(8,7,2,1,1,1,1): 99
V(8,7,2,2,1,1): 168
V(8,7,2,2,2): 91
V(8,7,3,1,1,1): 125
V(8,7,3,2,1): 167
V(8,7,3,3): 30
V(8,7,4,1,1): 82
V(8,7,4,2): 63
V(8,7,5,1): 22
V(8,7,6): 1
V(8,8,1,1,1,1,1): 6
V(8,8,2,1,1,1): 24
V(8,8,2,2,1): 29
V(8,8,3,1,1): 19
V(8,8,3,2): 12
V(8,8,4,1): 7
V(8,8,5): 1
V(9,2,1,1,1,1,1,1,1,1,1,1): 8
V(9,2,2,1,1,1,1,1,1,1,1): 23
V(9,2,2,2,1,1,1,1,1,1): 33
V(9,2,2,2,2,1,1,1,1): 22
V(9,2,2,2,2,2,1,1): 6
V(9,2,2,2,2,2,2): 1
V(9,3,1,1,1,1,1,1,1,1,1): 37
V(9,3,2,1,1,1,1,1,1,1): 115
V(9,3,2,2,1,1,1,1,1): 157
V(9,3,2,2,2,1,1,1): 106
V(9,3,2,2,2,2,1): 33
V(9,3,3,1,1,1,1,1,1): 125
V(9,3,3,2,1,1,1,1): 184
V(9,3,3,2,2,1,1): 104
V(9,3,3,2,2,2): 22
V(9,3,3,3,1,1,1): 75
V(9,3,3,3,2,1): 37
V(9,3,3,3,3): 4
V(9,4,1,1,1,1,1,1,1,1): 77
V(9,4,2,1,1,1,1,1,1): 251
V(9,4,2,2,1,1,1,1): 324
V(9,4,2,2,2,1,1): 204
V(9,4,2,2,2,2): 55
V(9,4,3,1,1,1,1,1): 306
V(9,4,3,2,1,1,1): 403
V(9,4,3,2,2,1): 199
V(9,4,3,3,1,1): 142
V(9,4,3,3,2): 53
V(9,4,4,1,1,1,1): 180
V(9,4,4,2,1,1): 209
V(9,4,4,2,2): 71
V(9,4,4,3,1): 76
V(9,4,4,4): 9
V(9,5,1,1,1,1,1,1,1): 90
V(9,5,2,1,1,1,1,1): 285
V(9,5,2,2,1,1,1): 344
V(9,5,2,2,2,1): 193
V(9,5,3,1,1,1,1): 322
V(9,5,3,2,1,1): 371
V(9,5,3,2,2): 134
V(9,5,3,3,1): 103
V(9,5,4,1,1,1): 196
V(9,5,4,2,1): 187
V(9,5,4,3): 43
V(9,5,5,1,1): 51
V(9,5,5,2): 31
V(9,6,1,1,1,1,1,1): 60
V(9,6,2,1,1,1,1): 174
V(9,6,2,2,1,1): 192
V(9,6,2,2,2): 78
V(9,6,3,1,1,1): 163
V(9,6,3,2,1): 152
V(9,6,3,3): 25
V(9,6,4,1,1): 83
V(9,6,4,2): 49
V(9,6,5,1): 17
V(9,6,6): 1
V(9,7,1,1,1,1,1): 22
V(9,7,2,1,1,1): 58
V(9,7,2,2,1): 53
V(9,7,3,1,1): 38
V(9,7,3,2): 22
V(9,7,4,1): 13
V(9,7,5): 1
V(9,8,1,1,1,1): 5
V(9,8,2,1,1): 10
V(9,8,2,2): 5
V(9,8,3,1): 3
V(9,9,1,1,1): 1
V(10,1,1,1,1,1,1,1,1,1,1,1): 10
V(10,2,1,1,1,1,1,1,1,1,1): 43
V(10,2,2,1,1,1,1,1,1,1): 74
V(10,2,2,2,1,1,1,1,1): 63
V(10,2,2,2,2,1,1,1): 25
V(10,2,2,2,2,2,1): 5
V(10,3,1,1,1,1,1,1,1,1): 96
V(10,3,2,1,1,1,1,1,1): 191
V(10,3,2,2,1,1,1,1): 156
V(10,3,2,2,2,1,1): 58
V(10,3,2,2,2,2): 9
V(10,3,3,1,1,1,1,1): 125
V(10,3,3,2,1,1,1): 103
V(10,3,3,2,2,1): 28
V(10,3,3,3,1,1): 23
V(10,3,3,3,2): 4
V(10,4,1,1,1,1,1,1,1): 122
V(10,4,2,1,1,1,1,1): 240
V(10,4,2,2,1,1,1): 176
V(10,4,2,2,2,1): 58
V(10,4,3,1,1,1,1): 171
V(10,4,3,2,1,1): 119
V(10,4,3,2,2): 25
V(10,4,3,3,1): 20
V(10,4,4,1,1,1): 56
V(10,4,4,2,1): 32
V(10,4,4,3): 6
V(10,5,1,1,1,1,1,1): 87
V(10,5,2,1,1,1,1): 159
V(10,5,2,2,1,1): 102
V(10,5,2,2,2): 26
V(10,5,3,1,1,1): 101
V(10,5,3,2,1): 56
V(10,5,3,3): 5
V(10,5,4,1,1): 32
V(10,5,4,2): 13
V(10,5,5,1): 3
V(10,6,1,1,1,1,1): 36
V(10,6,2,1,1,1): 56
V(10,6,2,2,1): 31
V(10,6,3,1,1): 27
V(10,6,3,2): 10
V(10,6,4,1): 7
V(10,7,1,1,1,1): 9
V(10,7,2,1,1): 11
V(10,7,2,2): 5
V(10,7,3,1): 3
V(10,7,4): 1
V(10,8,1,1,1): 1
V(10,8,2,1): 1
V(11,1,1,1,1,1,1,1,1,1,1): 26
V(11,2,1,1,1,1,1,1,1,1): 68
V(11,2,2,1,1,1,1,1,1): 74
V(11,2,2,2,1,1,1,1): 36
V(11,2,2,2,2,1,1): 8
V(11,2,2,2,2,2): 1
V(11,3,1,1,1,1,1,1,1): 88
V(11,3,2,1,1,1,1,1): 107
V(11,3,2,2,1,1,1): 46
V(11,3,2,2,2,1): 7
V(11,3,3,1,1,1,1): 42
V(11,3,3,2,1,1): 16
V(11,3,3,2,2): 1
V(11,3,3,3,1): 1
V(11,4,1,1,1,1,1,1): 68
V(11,4,2,1,1,1,1): 75
V(11,4,2,2,1,1): 26
V(11,4,2,2,2): 2
V(11,4,3,1,1,1): 29
V(11,4,3,2,1): 8
V(11,4,4,1,1): 5
V(11,4,4,2): 1
V(11,5,1,1,1,1,1): 31
V(11,5,2,1,1,1): 28
V(11,5,2,2,1): 7
V(11,5,3,1,1): 8
V(11,5,3,2): 1
V(11,5,4,1): 1
V(11,6,1,1,1,1): 8
V(11,6,2,1,1): 6
V(11,6,2,2): 1
V(11,6,3,1): 1
V(11,7,1,1,1): 1
V(11,7,2,1): 1
V(12,1,1,1,1,1,1,1,1,1): 22
V(12,2,1,1,1,1,1,1,1): 37
V(12,2,2,1,1,1,1,1): 23
V(12,2,2,2,1,1,1): 5
V(12,3,1,1,1,1,1,1): 29
V(12,3,2,1,1,1,1): 18
V(12,3,2,2,1,1): 2
V(12,3,3,1,1,1): 4
V(12,4,1,1,1,1,1): 13
V(12,4,2,1,1,1): 6
V(12,4,3,1,1): 1
V(12,5,1,1,1,1): 4
V(12,5,2,1,1): 1
V(12,6,1,1,1): 1
V(13,1,1,1,1,1,1,1,1): 6
V(13,2,1,1,1,1,1,1): 6
V(13,2,2,1,1,1,1): 1
V(13,3,1,1,1,1,1): 3
V(13,4,1,1,1,1): 1
V(4,3,3,3,2,2,1,1,1): 2
V(4,3,3,3,2,2,2,1): 2
V(4,3,3,3,3,2,1,1): 4
V(4,3,3,3,3,2,2): 2
V(4,3,3,3,3,3,1): 2
V(4,4,2,2,2,2,2,1,1): 1
V(4,4,3,2,2,1,1,1,1,1): 2
V(4,4,3,2,2,2,1,1,1): 9
V(4,4,3,2,2,2,2,1): 12
V(4,4,3,3,1,1,1,1,1,1): 2
V(4,4,3,3,2,1,1,1,1): 16
V(4,4,3,3,2,2,1,1): 34
V(4,4,3,3,2,2,2): 22
V(4,4,3,3,3,1,1,1): 23
V(4,4,3,3,3,2,1): 37
V(4,4,3,3,3,3): 9
V(4,4,4,2,1,1,1,1,1,1): 5
V(4,4,4,2,2,1,1,1,1): 20
V(4,4,4,2,2,2,1,1): 44
V(4,4,4,2,2,2,2): 22
V(4,4,4,3,1,1,1,1,1): 25
V(4,4,4,3,2,1,1,1): 85
V(4,4,4,3,2,2,1): 109
V(4,4,4,3,3,1,1): 74
V(4,4,4,3,3,2): 65
V(4,4,4,4,1,1,1,1): 32
V(4,4,4,4,2,1,1): 91
V(4,4,4,4,2,2): 55
V(4,4,4,4,3,1): 67
V(4,4,4,4,4): 9
V(5,3,2,2,2,2,1,1,1,1): 1
V(5,3,2,2,2,2,2,1,1): 1
V(5,3,2,2,2,2,2,2): 1
V(5,3,3,2,1,1,1,1,1,1,1): 1
V(5,3,3,2,2,1,1,1,1,1): 8
V(5,3,3,2,2,2,1,1,1): 18
V(5,3,3,2,2,2,2,1): 18
V(5,3,3,3,1,1,1,1,1,1): 6
V(5,3,3,3,2,1,1,1,1): 29
V(5,3,3,3,2,2,1,1): 50
V(5,3,3,3,2,2,2): 26
V(5,3,3,3,3,1,1,1): 32
V(5,3,3,3,3,2,1): 47
V(5,3,3,3,3,3): 11
V(5,4,2,2,1,1,1,1,1,1,1): 2
V(5,4,2,2,2,1,1,1,1,1): 12
V(5,4,2,2,2,2,1,1,1): 35
V(5,4,2,2,2,2,2,1): 36
V(5,4,3,1,1,1,1,1,1,1,1): 5
V(5,4,3,2,1,1,1,1,1,1): 41
V(5,4,3,2,2,1,1,1,1): 142
V(5,4,3,2,2,2,1,1): 232
V(5,4,3,2,2,2,2): 126
V(5,4,3,3,1,1,1,1,1): 104
V(5,4,3,3,2,1,1,1): 341
V(5,4,3,3,2,2,1): 396
V(5,4,3,3,3,1,1): 267
V(5,4,3,3,3,2): 202
V(5,4,4,1,1,1,1,1,1,1): 23
V(5,4,4,2,1,1,1,1,1): 157
V(5,4,4,2,2,1,1,1): 409
V(5,4,4,2,2,2,1): 441
V(5,4,4,3,1,1,1,1): 370
V(5,4,4,3,2,1,1): 893
V(5,4,4,3,2,2): 551
V(5,4,4,3,3,1): 499
V(5,4,4,4,1,1,1): 320
V(5,4,4,4,2,1): 560
V(5,4,4,4,3): 206
V(5,5,1,1,1,1,1,1,1,1,1,1): 1
V(5,5,2,1,1,1,1,1,1,1,1): 5
V(5,5,2,2,1,1,1,1,1,1): 29
V(5,5,2,2,2,1,1,1,1): 105
V(5,5,2,2,2,2,1,1): 162
V(5,5,2,2,2,2,2): 89
V(5,5,3,1,1,1,1,1,1,1): 34
V(5,5,3,2,1,1,1,1,1): 221
V(5,5,3,2,2,1,1,1): 575
V(5,5,3,2,2,2,1): 613
V(5,5,3,3,1,1,1,1): 402
V(5,5,3,3,2,1,1): 962
V(5,5,3,3,2,2): 576
V(5,5,3,3,3,1): 495
V(5,5,4,1,1,1,1,1,1): 118
V(5,5,4,2,1,1,1,1): 665
V(5,5,4,2,2,1,1): 1259
V(5,5,4,2,2,2): 735
V(5,5,4,3,1,1,1): 1194
V(5,5,4,3,2,1): 1915
V(5,5,4,3,3): 550
V(5,5,4,4,1,1): 778
V(5,5,4,4,2): 703
V(5,5,5,1,1,1,1,1): 162
V(5,5,5,2,1,1,1): 716
V(5,5,5,2,2,1): 934
V(5,5,5,3,1,1): 1043
V(5,5,5,3,2): 860
V(5,5,5,4,1): 576
V(5,5,5,5): 78
V(6,2,2,2,2,1,1,1,1,1,1): 1
V(6,2,2,2,2,2,1,1,1,1): 1
V(6,2,2,2,2,2,2,1,1): 1
V(6,3,2,1,1,1,1,1,1,1,1,1): 1
V(6,3,2,2,1,1,1,1,1,1,1): 9
V(6,3,2,2,2,1,1,1,1,1): 32
V(6,3,2,2,2,2,1,1,1): 45
V(6,3,2,2,2,2,2,1): 34
V(6,3,3,1,1,1,1,1,1,1,1): 15
V(6,3,3,2,1,1,1,1,1,1): 71
V(6,3,3,2,2,1,1,1,1): 169
V(6,3,3,2,2,2,1,1): 198
V(6,3,3,2,2,2,2): 92
V(6,3,3,3,1,1,1,1,1): 108
V(6,3,3,3,2,1,1,1): 275
V(6,3,3,3,2,2,1): 260
V(6,3,3,3,3,1,1): 178
V(6,3,3,3,3,2): 116
V(6,4,1,1,1,1,1,1,1,1,1,1): 3
V(6,4,2,1,1,1,1,1,1,1,1): 25
V(6,4,2,2,1,1,1,1,1,1): 117
V(6,4,2,2,2,1,1,1,1): 273
V(6,4,2,2,2,2,1,1): 346
V(6,4,2,2,2,2,2): 160
V(6,4,3,1,1,1,1,1,1,1): 126
V(6,4,3,2,1,1,1,1,1): 584
V(6,4,3,2,2,1,1,1): 1182
V(6,4,3,2,2,2,1): 1098
V(6,4,3,3,1,1,1,1): 817
V(6,4,3,3,2,1,1): 1644
V(6,4,3,3,2,2): 931
V(6,4,3,3,3,1): 758
V(6,4,4,1,1,1,1,1,1): 270
V(6,4,4,2,1,1,1,1): 1110
V(6,4,4,2,2,1,1): 1846
V(6,4,4,2,2,2): 974
V(6,4,4,3,1,1,1): 1626
V(6,4,4,3,2,1): 2418
V(6,4,4,3,3): 666
V(6,4,4,4,1,1): 900
V(6,4,4,4,2): 755
V(6,5,1,1,1,1,1,1,1,1,1): 16
V(6,5,2,1,1,1,1,1,1,1): 120
V(6,5,2,2,1,1,1,1,1): 468
V(6,5,2,2,2,1,1,1): 918
V(6,5,2,2,2,2,1): 852
V(6,5,3,1,1,1,1,1,1): 446
V(6,5,3,2,1,1,1,1): 1846
V(6,5,3,2,2,1,1): 3023
V(6,5,3,2,2,2): 1616
V(6,5,3,3,1,1,1): 2156
V(6,5,3,3,2,1): 3100
V(6,5,3,3,3): 768
V(6,5,4,1,1,1,1,1): 932
V(6,5,4,2,1,1,1): 3361
V(6,5,4,2,2,1): 4001
V(6,5,4,3,1,1): 3933
V(6,5,4,3,2): 3120
V(6,5,4,4,1): 1564
V(6,5,5,1,1,1,1): 862
V(6,5,5,2,1,1): 2446
V(6,5,5,2,2): 1607
V(6,5,5,3,1): 2140
V(6,5,5,4): 561
V(6,6,1,1,1,1,1,1,1,1): 31
V(6,6,2,1,1,1,1,1,1): 227
V(6,6,2,2,1,1,1,1): 725
V(6,6,2,2,2,1,1): 1125
V(6,6,2,2,2,2): 574
V(6,6,3,1,1,1,1,1): 677
V(6,6,3,2,1,1,1): 2235
V(6,6,3,2,2,1): 2576
V(6,6,3,3,1,1): 1934
V(6,6,3,3,2): 1495
V(6,6,4,1,1,1,1): 1136
V(6,6,4,2,1,1): 3130
V(6,6,4,2,2): 1983
V(6,6,4,3,1): 2450
V(6,6,4,4): 482
V(6,6,5,1,1,1): 977
V(6,6,5,2,1): 1870
V(6,6,5,3): 828
V(6,6,6,1,1): 306
V(6,6,6,2): 283
V(7,2,2,1,1,1,1,1,1,1,1,1): 3
V(7,2,2,2,1,1,1,1,1,1,1): 16
V(7,2,2,2,2,1,1,1,1,1): 27
V(7,2,2,2,2,2,1,1,1): 26
V(7,2,2,2,2,2,2,1): 10
V(7,3,1,1,1,1,1,1,1,1,1,1): 9
V(7,3,2,1,1,1,1,1,1,1,1): 64
V(7,3,2,2,1,1,1,1,1,1): 190
V(7,3,2,2,2,1,1,1,1): 299
V(7,3,2,2,2,2,1,1): 261
V(7,3,2,2,2,2,2): 99
V(7,3,3,1,1,1,1,1,1,1): 163
V(7,3,3,2,1,1,1,1,1): 524
V(7,3,3,2,2,1,1,1): 761
V(7,3,3,2,2,2,1): 551
V(7,3,3,3,1,1,1,1): 497
V(7,3,3,3,2,1,1): 766
V(7,3,3,3,2,2): 366
V(7,3,3,3,3,1): 283
V(7,4,1,1,1,1,1,1,1,1,1): 50
V(7,4,2,1,1,1,1,1,1,1): 312
V(7,4,2,2,1,1,1,1,1): 833
V(7,4,2,2,2,1,1,1): 1213
V(7,4,2,2,2,2,1): 907
V(7,4,3,1,1,1,1,1,1): 798
V(7,4,3,2,1,1,1,1): 2379
V(7,4,3,2,2,1,1): 3070
V(7,4,3,2,2,2): 1439
V(7,4,3,3,1,1,1): 2123
V(7,4,3,3,2,1): 2586
V(7,4,3,3,3): 570
V(7,4,4,1,1,1,1,1): 986
V(7,4,4,2,1,1,1): 2750
V(7,4,4,2,2,1): 2784
V(7,4,4,3,1,1): 2588
V(7,4,4,3,2): 1866
V(7,4,4,4,1): 837
V(7,5,1,1,1,1,1,1,1,1): 128
V(7,5,2,1,1,1,1,1,1): 741
V(7,5,2,2,1,1,1,1): 1865
V(7,5,2,2,2,1,1): 2359
V(7,5,2,2,2,2): 1124
V(7,5,3,1,1,1,1,1): 1772
V(7,5,3,2,1,1,1): 4761
V(7,5,3,2,2,1): 4786
V(7,5,3,3,1,1): 3565
V(7,5,3,3,2): 2499
V(7,5,4,1,1,1,1): 2353
V(7,5,4,2,1,1): 5477
V(7,5,4,2,2): 3253
V(7,5,4,3,1): 3833
V(7,5,4,4): 712
V(7,5,5,1,1,1): 1425
V(7,5,5,2,1): 2444
V(7,5,5,3): 991
V(7,6,1,1,1,1,1,1,1): 180
V(7,6,2,1,1,1,1,1): 972
V(7,6,2,2,1,1,1): 2152
V(7,6,2,2,2,1): 2077
V(7,6,3,1,1,1,1): 2020
V(7,6,3,2,1,1): 4397
V(7,6,3,2,2): 2545
V(7,6,3,3,1): 2314
V(7,6,4,1,1,1): 2280
V(7,6,4,2,1): 3774
V(7,6,4,3): 1387
V(7,6,5,1,1): 1268
V(7,6,5,2): 1140
V(7,6,6,1): 238
V(7,7,1,1,1,1,1,1): 127
V(7,7,2,1,1,1,1): 601
V(7,7,2,2,1,1): 1027
V(7,7,2,2,2): 572
V(7,7,3,1,1,1): 974
V(7,7,3,2,1): 1448
V(7,7,3,3): 383
V(7,7,4,1,1): 792
V(7,7,4,2): 686
V(7,7,5,1): 293
V(7,7,6): 34
V(8,2,1,1,1,1,1,1,1,1,1,1): 18
V(8,2,2,1,1,1,1,1,1,1,1): 69
V(8,2,2,2,1,1,1,1,1,1): 137
V(8,2,2,2,2,1,1,1,1): 147
V(8,2,2,2,2,2,1,1): 89
V(8,2,2,2,2,2,2): 22
V(8,3,1,1,1,1,1,1,1,1,1): 104
V(8,3,2,1,1,1,1,1,1,1): 417
V(8,3,2,2,1,1,1,1,1): 787
V(8,3,2,2,2,1,1,1): 803
V(8,3,2,2,2,2,1): 447
V(8,3,3,1,1,1,1,1,1): 604
V(8,3,3,2,1,1,1,1): 1301
V(8,3,3,2,2,1,1): 1224
V(8,3,3,2,2,2): 466
V(8,3,3,3,1,1,1): 815
V(8,3,3,3,2,1): 755
V(8,3,3,3,3): 131
V(8,4,1,1,1,1,1,1,1,1): 269
V(8,4,2,1,1,1,1,1,1): 1123
V(8,4,2,2,1,1,1,1): 2006
V(8,4,2,2,2,1,1): 1901
V(8,4,2,2,2,2): 737
V(8,4,3,1,1,1,1,1): 1865
V(8,4,3,2,1,1,1): 3686
V(8,4,3,2,2,1): 2921
V(8,4,3,3,1,1): 2102
V(8,4,3,3,2): 1264
V(8,4,4,1,1,1,1): 1468
V(8,4,4,2,1,1): 2674
V(8,4,4,2,2): 1345
V(8,4,4,3,1): 1514
V(8,4,4,4): 225
V(8,5,1,1,1,1,1,1,1): 417
V(8,5,2,1,1,1,1,1): 1699
V(8,5,2,2,1,1,1): 2824
V(8,5,2,2,2,1): 2226
V(8,5,3,1,1,1,1): 2727
V(8,5,3,2,1,1): 4691
V(8,5,3,2,2): 2365
V(8,5,3,3,1): 2086
V(8,5,4,1,1,1): 2333
V(8,5,4,2,1): 3263
V(8,5,4,3): 1075
V(8,5,5,1,1): 881
V(8,5,5,2): 723
V(8,6,1,1,1,1,1,1): 405
V(8,6,2,1,1,1,1): 1510
V(8,6,2,2,1,1): 2187
V(8,6,2,2,2): 1062
V(8,6,3,1,1,1): 2100
V(8,6,3,2,1): 2750
V(8,6,3,3): 690
V(8,6,4,1,1): 1516
V(8,6,4,2): 1178
V(8,6,5,1): 486
V(8,6,6): 38
V(8,7,1,1,1,1,1): 233
V(8,7,2,1,1,1): 742
V(8,7,2,2,1): 795
V(8,7,3,1,1): 780
V(8,7,3,2): 563
V(8,7,4,1): 379
V(8,7,5): 64
V(8,8,1,1,1,1): 66
V(8,8,2,1,1): 158
V(8,8,2,2): 85
V(8,8,3,1): 103
V(8,8,4): 22
V(9,1,1,1,1,1,1,1,1,1,1,1): 20
V(9,2,1,1,1,1,1,1,1,1,1): 115
V(9,2,2,1,1,1,1,1,1,1): 278
V(9,2,2,2,1,1,1,1,1): 353
V(9,2,2,2,2,1,1,1): 260
V(9,2,2,2,2,2,1): 99
V(9,3,1,1,1,1,1,1,1,1): 336
V(9,3,2,1,1,1,1,1,1): 948
V(9,3,2,2,1,1,1,1): 1204
V(9,3,2,2,2,1,1): 809
V(9,3,2,2,2,2): 241
V(9,3,3,1,1,1,1,1): 921
V(9,3,3,2,1,1,1): 1291
V(9,3,3,2,2,1): 753
V(9,3,3,3,1,1): 513
V(9,3,3,3,2): 242
V(9,4,1,1,1,1,1,1,1): 575
V(9,4,2,1,1,1,1,1): 1629
V(9,4,2,2,1,1,1): 1947
V(9,4,2,2,2,1): 1132
V(9,4,3,1,1,1,1): 1811
V(9,4,3,2,1,1): 2289
V(9,4,3,2,2): 926
V(9,4,3,3,1): 786
V(9,4,4,1,1,1): 929
V(9,4,4,2,1): 1005
V(9,4,4,3): 276
V(9,5,1,1,1,1,1,1): 601
V(9,5,2,1,1,1,1): 1635
V(9,5,2,2,1,1): 1746
V(9,5,2,2,2): 706
V(9,5,3,1,1,1): 1717
V(9,5,3,2,1): 1774
V(9,5,3,3): 379
V(9,5,4,1,1): 927
V(9,5,4,2): 629
V(9,5,5,1): 203
V(9,6,1,1,1,1,1): 395
V(9,6,2,1,1,1): 973
V(9,6,2,2,1): 843
V(9,6,3,1,1): 856
V(9,6,3,2): 541
V(9,6,4,1): 361
V(9,6,5): 51
V(9,7,1,1,1,1): 164
V(9,7,2,1,1): 327
V(9,7,2,2): 175
V(9,7,3,1): 202
V(9,7,4): 47
V(9,8,1,1,1): 40
V(9,8,2,1): 52
V(9,8,3): 15
V(9,9,1,1): 4
V(9,9,2): 2
V(10,1,1,1,1,1,1,1,1,1,1): 66
V(10,2,1,1,1,1,1,1,1,1): 248
V(10,2,2,1,1,1,1,1,1): 413
V(10,2,2,2,1,1,1,1): 355
V(10,2,2,2,2,1,1): 169
V(10,2,2,2,2,2): 36
V(10,3,1,1,1,1,1,1,1): 462
V(10,3,2,1,1,1,1,1): 908
V(10,3,2,2,1,1,1): 749
V(10,3,2,2,2,1): 306
V(10,3,3,1,1,1,1): 592
V(10,3,3,2,1,1): 514
V(10,3,3,2,2): 155
V(10,3,3,3,1): 118
V(10,4,1,1,1,1,1,1): 537
V(10,4,2,1,1,1,1): 1013
V(10,4,2,2,1,1): 760
V(10,4,2,2,2): 224
V(10,4,3,1,1,1): 732
V(10,4,3,2,1): 543
V(10,4,3,3): 92
V(10,4,4,1,1): 240
V(10,4,4,2): 123
V(10,5,1,1,1,1,1): 388
V(10,5,2,1,1,1): 665
V(10,5,2,2,1): 423
V(10,5,3,1,1): 434
V(10,5,3,2): 220
V(10,5,4,1): 139
V(10,5,5): 14
V(10,6,1,1,1,1): 172
V(10,6,2,1,1): 263
V(10,6,2,2): 111
V(10,6,3,1): 135
V(10,6,4): 25
V(10,7,1,1,1): 50
V(10,7,2,1): 60
V(10,7,3): 18
V(10,8,1,1): 9
V(10,8,2): 5
V(11,1,1,1,1,1,1,1,1,1): 81
V(11,2,1,1,1,1,1,1,1): 228
V(11,2,2,1,1,1,1,1): 252
V(11,2,2,2,1,1,1): 140
V(11,2,2,2,2,1): 36
V(11,3,1,1,1,1,1,1): 290
V(11,3,2,1,1,1,1): 367
V(11,3,2,2,1,1): 179
V(11,3,2,2,2): 33
V(11,3,3,1,1,1): 150
V(11,3,3,2,1): 71
V(11,3,3,3): 7
V(11,4,1,1,1,1,1): 220
V(11,4,2,1,1,1): 262
V(11,4,2,2,1): 103
V(11,4,3,1,1): 114
V(11,4,3,2): 38
V(11,4,4,1): 20
V(11,5,1,1,1,1): 109
V(11,5,2,1,1): 109
V(11,5,2,2): 31
V(11,5,3,1): 40
V(11,5,4): 6
V(11,6,1,1,1): 36
V(11,6,2,1): 29
V(11,6,3): 7
V(11,7,1,1): 8
V(11,7,2): 5
V(11,8,1): 1
V(12,1,1,1,1,1,1,1,1): 46
V(12,2,1,1,1,1,1,1): 89
V(12,2,2,1,1,1,1): 60
V(12,2,2,2,1,1): 17
V(12,2,2,2,2): 1
V(12,3,1,1,1,1,1): 78
V(12,3,2,1,1,1): 54
V(12,3,2,2,1): 11
V(12,3,3,1,1): 11
V(12,3,3,2): 1
V(12,4,1,1,1,1): 39
V(12,4,2,1,1): 23
V(12,4,2,2): 2
V(12,4,3,1): 5
V(12,5,1,1,1): 13
V(12,5,2,1): 6
V(12,5,3): 1
V(12,6,1,1): 4
V(12,6,2): 1
V(12,7,1): 1
V(13,1,1,1,1,1,1,1): 11
V(13,2,1,1,1,1,1): 12
V(13,2,2,1,1,1): 4
V(13,3,1,1,1,1): 6
V(13,3,2,1,1): 1
V(13,4,1,1,1): 3
V(13,5,1,1): 1
V(3,3,3,2,2,2,1,1,1,1): 1
V(3,3,3,2,2,2,2,1,1): 2
V(3,3,3,2,2,2,2,2): 1
V(3,3,3,3,2,1,1,1,1,1): 2
V(3,3,3,3,2,2,1,1,1): 9
V(3,3,3,3,2,2,2,1): 11
V(3,3,3,3,3,1,1,1,1): 5
V(3,3,3,3,3,2,1,1): 17
V(3,3,3,3,3,2,2): 10
V(3,3,3,3,3,3,1): 9
V(4,3,2,2,2,1,1,1,1,1,1): 1
V(4,3,2,2,2,2,1,1,1,1): 7
V(4,3,2,2,2,2,2,1,1): 12
V(4,3,2,2,2,2,2,2): 6
V(4,3,3,2,1,1,1,1,1,1,1): 6
V(4,3,3,2,2,1,1,1,1,1): 37
V(4,3,3,2,2,2,1,1,1): 92
V(4,3,3,2,2,2,2,1): 92
V(4,3,3,3,1,1,1,1,1,1): 28
V(4,3,3,3,2,1,1,1,1): 136
V(4,3,3,3,2,2,1,1): 243
V(4,3,3,3,2,2,2): 133
V(4,3,3,3,3,1,1,1): 153
V(4,3,3,3,3,2,1): 227
V(4,3,3,3,3,3): 53
V(4,4,2,1,1,1,1,1,1,1,1,1): 1
V(4,4,2,2,1,1,1,1,1,1,1): 8
V(4,4,2,2,2,1,1,1,1,1): 46
V(4,4,2,2,2,2,1,1,1): 109
V(4,4,2,2,2,2,2,1): 106
V(4,4,3,1,1,1,1,1,1,1,1): 15
V(4,4,3,2,1,1,1,1,1,1): 124
V(4,4,3,2,2,1,1,1,1): 417
V(4,4,3,2,2,2,1,1): 656
V(4,4,3,2,2,2,2): 343
V(4,4,3,3,1,1,1,1,1): 302
V(4,4,3,3,2,1,1,1): 962
V(4,4,3,3,2,2,1): 1088
V(4,4,3,3,3,1,1): 731
V(4,4,3,3,3,2): 550
V(4,4,4,1,1,1,1,1,1,1): 57
V(4,4,4,2,1,1,1,1,1): 379
V(4,4,4,2,2,1,1,1): 932
V(4,4,4,2,2,2,1): 974
V(4,4,4,3,1,1,1,1): 823
V(4,4,4,3,2,1,1): 1913
V(4,4,4,3,2,2): 1153
V(4,4,4,3,3,1): 1032
V(4,4,4,4,1,1,1): 622
V(4,4,4,4,2,1): 1053
V(4,4,4,4,3): 373
V(5,2,2,2,2,1,1,1,1,1,1): 4
V(5,2,2,2,2,2,1,1,1,1): 9
V(5,2,2,2,2,2,2,1,1): 10
V(5,2,2,2,2,2,2,2): 5
V(5,3,2,1,1,1,1,1,1,1,1,1): 4
V(5,3,2,2,1,1,1,1,1,1,1): 35
V(5,3,2,2,2,1,1,1,1,1): 126
V(5,3,2,2,2,2,1,1,1): 225
V(5,3,2,2,2,2,2,1): 197
V(5,3,3,1,1,1,1,1,1,1,1): 44
V(5,3,3,2,1,1,1,1,1,1): 258
V(5,3,3,2,2,1,1,1,1): 713
V(5,3,3,2,2,2,1,1): 982
V(5,3,3,2,2,2,2): 489
V(5,3,3,3,1,1,1,1,1): 471
V(5,3,3,3,2,1,1,1): 1339
V(5,3,3,3,2,2,1): 1411
V(5,3,3,3,3,1,1): 933
V(5,3,3,3,3,2): 665
V(5,4,1,1,1,1,1,1,1,1,1,1): 8
V(5,4,2,1,1,1,1,1,1,1,1): 77
V(5,4,2,2,1,1,1,1,1,1): 380
V(5,4,2,2,2,1,1,1,1): 971
V(5,4,2,2,2,2,1,1): 1303
V(5,4,2,2,2,2,2): 642
V(5,4,3,1,1,1,1,1,1,1): 401
V(5,4,3,2,1,1,1,1,1): 2034
V(5,4,3,2,2,1,1,1): 4437
V(5,4,3,2,2,2,1): 4320
V(5,4,3,3,1,1,1,1): 3091
V(5,4,3,3,2,1,1): 6586
V(5,4,3,3,2,2): 3808
V(5,4,3,3,3,1): 3154
V(5,4,4,1,1,1,1,1,1): 841
V(5,4,4,2,1,1,1,1): 3741
V(5,4,4,2,2,1,1): 6403
V(5,4,4,2,2,2): 3491
V(5,4,4,3,1,1,1): 5694
V(5,4,4,3,2,1): 8589
V(5,4,4,3,3): 2352
V(5,4,4,4,1,1): 3028
V(5,4,4,4,2): 2580
V(5,5,1,1,1,1,1,1,1,1,1): 37
V(5,5,2,1,1,1,1,1,1,1): 311
V(5,5,2,2,1,1,1,1,1): 1208
V(5,5,2,2,2,1,1,1): 2380
V(5,5,2,2,2,2,1): 2216
V(5,5,3,1,1,1,1,1,1): 1201
V(5,5,3,2,1,1,1,1): 4981
V(5,5,3,2,2,1,1): 8191
V(5,5,3,2,2,2): 4395
V(5,5,3,3,1,1,1): 5958
V(5,5,3,3,2,1): 8627
V(5,5,3,3,3): 2171
V(5,5,4,1,1,1,1,1): 2376
V(5,5,4,2,1,1,1): 8506
V(5,5,4,2,2,1): 10071
V(5,5,4,3,1,1): 9885
V(5,5,4,3,2): 7809
V(5,5,4,4,1): 3746
V(5,5,5,1,1,1,1): 1938
V(5,5,5,2,1,1): 5385
V(5,5,5,2,2): 3472
V(5,5,5,3,1): 4576
V(5,5,5,4): 1122
V(6,2,2,1,1,1,1,1,1,1,1,1): 9
V(6,2,2,2,1,1,1,1,1,1,1): 48
V(6,2,2,2,2,1,1,1,1,1): 111
V(6,2,2,2,2,2,1,1,1): 142
V(6,2,2,2,2,2,2,1): 101
V(6,3,1,1,1,1,1,1,1,1,1,1): 21
V(6,3,2,1,1,1,1,1,1,1,1): 179
V(6,3,2,2,1,1,1,1,1,1): 634
V(6,3,2,2,2,1,1,1,1): 1244
V(6,3,2,2,2,2,1,1): 1387
V(6,3,2,2,2,2,2): 621
V(6,3,3,1,1,1,1,1,1,1): 535
V(6,3,3,2,1,1,1,1,1): 2076
V(6,3,3,2,2,1,1,1): 3758
V(6,3,3,2,2,2,1): 3265
V(6,3,3,3,1,1,1,1): 2426
V(6,3,3,3,2,1,1): 4544
V(6,3,3,3,2,2): 2464
V(6,3,3,3,3,1): 1953
V(6,4,1,1,1,1,1,1,1,1,1): 137
V(6,4,2,1,1,1,1,1,1,1): 960
V(6,4,2,2,1,1,1,1,1): 3021
V(6,4,2,2,2,1,1,1): 5145
V(6,4,2,2,2,2,1): 4392
V(6,4,3,1,1,1,1,1,1): 2873
V(6,4,3,2,1,1,1,1): 10093
V(6,4,3,2,2,1,1): 15054
V(6,4,3,2,2,2): 7684
V(6,4,3,3,1,1,1): 10548
V(6,4,3,3,2,1): 14382
V(6,4,3,3,3): 3458
V(6,4,4,1,1,1,1,1): 3923
V(6,4,4,2,1,1,1): 12511
V(6,4,4,2,2,1): 13961
V(6,4,4,3,1,1): 13150
V(6,4,4,3,2): 10057
V(6,4,4,4,1): 4435
V(6,5,1,1,1,1,1,1,1,1): 385
V(6,5,2,1,1,1,1,1,1): 2481
V(6,5,2,2,1,1,1,1): 6899
V(6,5,2,2,2,1,1): 9527
V(6,5,2,2,2,2): 4732
V(6,5,3,1,1,1,1,1): 6734
V(6,5,3,2,1,1,1): 20028
V(6,5,3,2,2,1): 21644
V(6,5,3,3,1,1): 16644
V(6,5,3,3,2): 12334
V(6,5,4,1,1,1,1): 9540
V(6,5,4,2,1,1): 24013
V(6,5,4,2,2): 14819
V(6,5,4,3,1): 17886
V(6,5,4,4): 3343
V(6,5,5,1,1,1): 5878
V(6,5,5,2,1): 10526
V(6,5,5,3): 4408
V(6,6,1,1,1,1,1,1,1): 521
V(6,6,2,1,1,1,1,1): 2960
V(6,6,2,2,1,1,1): 6771
V(6,6,2,2,2,1): 6699
V(6,6,3,1,1,1,1): 6734
V(6,6,3,2,1,1): 15383
V(6,6,3,2,2): 9127
V(6,6,3,3,1): 8775
V(6,6,4,1,1,1): 7937
V(6,6,4,2,1): 13640
V(6,6,4,3): 5257
V(6,6,5,1,1): 4477
V(6,6,5,2): 4106
V(6,6,6,1): 843
V(7,2,1,1,1,1,1,1,1,1,1,1): 38
V(7,2,2,1,1,1,1,1,1,1,1): 182
V(7,2,2,2,1,1,1,1,1,1): 456
V(7,2,2,2,2,1,1,1,1): 662
V(7,2,2,2,2,2,1,1): 579
V(7,2,2,2,2,2,2): 225
V(7,3,1,1,1,1,1,1,1,1,1): 257
V(7,3,2,1,1,1,1,1,1,1): 1290
V(7,3,2,2,1,1,1,1,1): 3068
V(7,3,2,2,2,1,1,1): 4143
V(7,3,2,2,2,2,1): 3019
V(7,3,3,1,1,1,1,1,1): 2342
V(7,3,3,2,1,1,1,1): 6454
V(7,3,3,2,2,1,1): 8032
V(7,3,3,2,2,2): 3727
V(7,3,3,3,1,1,1): 5221
V(7,3,3,3,2,1): 6247
V(7,3,3,3,3): 1338
V(7,4,1,1,1,1,1,1,1,1): 812
V(7,4,2,1,1,1,1,1,1): 4103
V(7,4,2,2,1,1,1,1): 9183
V(7,4,2,2,2,1,1): 10866
V(7,4,2,2,2,2): 4980
V(7,4,3,1,1,1,1,1): 8481
V(7,4,3,2,1,1,1): 21185
V(7,4,3,2,2,1): 20563
V(7,4,3,3,1,1): 15147
V(7,4,3,3,2): 10530
V(7,4,4,1,1,1,1): 8053
V(7,4,4,2,1,1): 17869
V(7,4,4,2,2): 10355
V(7,4,4,3,1): 11900
V(7,4,4,4): 1954
V(7,5,1,1,1,1,1,1,1): 1539
V(7,5,2,1,1,1,1,1): 7421
V(7,5,2,2,1,1,1): 14850
V(7,5,2,2,2,1): 13541
V(7,5,3,1,1,1,1): 14569
V(7,5,3,2,1,1): 30102
V(7,5,3,2,2): 17018
V(7,5,3,3,1): 15911
V(7,5,4,1,1,1): 14598
V(7,5,4,2,1): 23474
V(7,5,4,3): 8586
V(7,5,5,1,1): 6224
V(7,5,5,2): 5497
V(7,6,1,1,1,1,1,1): 1775
V(7,6,2,1,1,1,1): 7608
V(7,6,2,2,1,1): 12383
V(7,6,2,2,2): 6539
V(7,6,3,1,1,1): 12636
V(7,6,3,2,1): 18653
V(7,6,3,3): 5305
V(7,6,4,1,1): 10337
V(7,6,4,2): 8820
V(7,6,5,1): 3702
V(7,6,6): 353
V(7,7,1,1,1,1,1): 1033
V(7,7,2,1,1,1): 3598
V(7,7,2,2,1): 4129
V(7,7,3,1,1): 4495
V(7,7,3,2): 3515
V(7,7,4,1): 2485
V(7,7,5): 472
V(8,1,1,1,1,1,1,1,1,1,1,1): 36
V(8,2,1,1,1,1,1,1,1,1,1): 277
V(8,2,2,1,1,1,1,1,1,1): 849
V(8,2,2,2,1,1,1,1,1): 1458
V(8,2,2,2,2,1,1,1): 1506
V(8,2,2,2,2,2,1): 892
V(8,3,1,1,1,1,1,1,1,1): 1007
V(8,3,2,1,1,1,1,1,1): 3661
V(8,3,2,2,1,1,1,1): 6282
V(8,3,2,2,2,1,1): 5966
V(8,3,2,2,2,2): 2391
V(8,3,3,1,1,1,1,1): 4679
V(8,3,3,2,1,1,1): 9179
V(8,3,3,2,2,1): 7502
V(8,3,3,3,1,1): 5090
V(8,3,3,3,2): 3153
V(8,4,1,1,1,1,1,1,1): 2148
V(8,4,2,1,1,1,1,1): 7960
V(8,4,2,2,1,1,1): 12807
V(8,4,2,2,2,1): 10011
V(8,4,3,1,1,1,1): 11804
V(8,4,3,2,1,1): 20441
V(8,4,3,2,2): 10462
V(8,4,3,3,1): 9303
V(8,4,4,1,1,1): 7853
V(8,4,4,2,1): 11132
V(8,4,4,3): 3671
V(8,5,1,1,1,1,1,1): 2929
V(8,5,2,1,1,1,1): 10324
V(8,5,2,2,1,1): 14431
V(8,5,2,2,2): 7011
V(8,5,3,1,1,1): 14442
V(8,5,3,2,1): 19129
V(8,5,3,3): 5038
V(8,5,4,1,1): 9852
V(8,5,4,2): 7890
V(8,5,5,1): 2609
V(8,6,1,1,1,1,1): 2571
V(8,6,2,1,1,1): 7952
V(8,6,2,2,1): 8419
V(8,6,3,1,1): 9117
V(8,6,3,2): 6776
V(8,6,4,1): 4667
V(8,6,5): 800
V(8,7,1,1,1,1): 1345
V(8,7,2,1,1): 3269
V(8,7,2,2): 1948
V(8,7,3,1): 2587
V(8,7,4): 696
V(8,8,1,1,1): 333
V(8,8,2,1): 542
V(8,8,3): 216
V(9,1,1,1,1,1,1,1,1,1,1): 148
V(9,2,1,1,1,1,1,1,1,1): 741
V(9,2,2,1,1,1,1,1,1): 1663
V(9,2,2,2,1,1,1,1): 2071
V(9,2,2,2,2,1,1): 1518
V(9,2,2,2,2,2): 509
V(9,3,1,1,1,1,1,1,1): 1836
V(9,3,2,1,1,1,1,1): 4947
V(9,3,2,2,1,1,1): 6089
V(9,3,2,2,2,1): 3851
V(9,3,3,1,1,1,1): 4556
V(9,3,3,2,1,1): 6173
V(9,3,3,2,2): 2725
V(9,3,3,3,1): 2194
V(9,4,1,1,1,1,1,1): 2819
V(9,4,2,1,1,1,1): 7588
V(9,4,2,2,1,1): 8503
V(9,4,2,2,2): 3599
V(9,4,3,1,1,1): 7989
V(9,4,3,2,1): 8916
V(9,4,3,3): 2062
V(9,4,4,1,1): 3634
V(9,4,4,2): 2605
V(9,5,1,1,1,1,1): 2809
V(9,5,2,1,1,1): 7012
V(9,5,2,2,1): 6371
V(9,5,3,1,1): 6717
V(9,5,3,2): 4549
V(9,5,4,1): 2882
V(9,5,5): 368
V(9,6,1,1,1,1): 1818
V(9,6,2,1,1): 3859
V(9,6,2,2): 2124
V(9,6,3,1): 2790
V(9,6,4): 693
V(9,7,1,1,1): 734
V(9,7,2,1): 1132
V(9,7,3): 442
V(9,8,1,1): 162
V(9,8,2): 129
V(9,9,1): 13
V(10,1,1,1,1,1,1,1,1,1): 248
V(10,2,1,1,1,1,1,1,1): 947
V(10,2,2,1,1,1,1,1): 1566
V(10,2,2,2,1,1,1): 1387
V(10,2,2,2,2,1): 676
V(10,3,1,1,1,1,1,1): 1706
V(10,3,2,1,1,1,1): 3316
V(10,3,2,2,1,1): 2804
V(10,3,2,2,2): 976
V(10,3,3,1,1,1): 2155
V(10,3,3,2,1): 1877
V(10,3,3,3): 342
V(10,4,1,1,1,1,1): 1887
V(10,4,2,1,1,1): 3572
V(10,4,2,2,1): 2588
V(10,4,3,1,1): 2574
V(10,4,3,2): 1492
V(10,4,4,1): 746
V(10,5,1,1,1,1): 1366
V(10,5,2,1,1): 2310
V(10,5,2,2): 1109
V(10,5,3,1): 1404
V(10,5,4): 299
V(10,6,1,1,1): 650
V(10,6,2,1): 875
V(10,6,3): 314
V(10,7,1,1): 197
V(10,7,2): 156
V(10,8,1): 32
V(10,9): 1
V(11,1,1,1,1,1,1,1,1): 212
V(11,2,1,1,1,1,1,1): 612
V(11,2,2,1,1,1,1): 715
V(11,2,2,2,1,1): 423
V(11,2,2,2,2): 110
V(11,3,1,1,1,1,1): 807
V(11,3,2,1,1,1): 1068
V(11,3,2,2,1): 563
V(11,3,3,1,1): 460
V(11,3,3,2): 206
V(11,4,1,1,1,1): 636
V(11,4,2,1,1): 792
V(11,4,2,2): 297
V(11,4,3,1): 357
V(11,4,4): 51
V(11,5,1,1,1): 332
V(11,5,2,1): 350
V(11,5,3): 108
V(11,6,1,1): 122
V(11,6,2): 83
V(11,7,1): 30
V(11,8): 3
V(12,1,1,1,1,1,1,1): 94
V(12,2,1,1,1,1,1): 192
V(12,2,2,1,1,1): 145
V(12,2,2,2,1): 49
V(12,3,1,1,1,1): 179
V(12,3,2,1,1): 141
V(12,3,2,2): 35
V(12,3,3,1): 33
V(12,4,1,1,1): 101
V(12,4,2,1): 69
V(12,4,3): 15
V(12,5,1,1): 40
V(12,5,2): 21
V(12,6,1): 13
V(12,7): 3
V(13,1,1,1,1,1,1): 18
V(13,2,1,1,1,1): 23
V(13,2,2,1,1): 9
V(13,2,2,2): 1
V(13,3,1,1,1): 13
V(13,3,2,1): 4
V(13,4,1,1): 6
V(13,4,2): 1
V(13,5,1): 3
V(13,6): 1
V(3,2,2,2,2,2,2,1,1,1): 1
V(3,2,2,2,2,2,2,2,1): 1
V(3,3,2,2,2,1,1,1,1,1,1): 5
V(3,3,2,2,2,2,1,1,1,1): 25
V(3,3,2,2,2,2,2,1,1): 37
V(3,3,2,2,2,2,2,2): 21
V(3,3,3,1,1,1,1,1,1,1,1,1): 1
V(3,3,3,2,1,1,1,1,1,1,1): 16
V(3,3,3,2,2,1,1,1,1,1): 88
V(3,3,3,2,2,2,1,1,1): 198
V(3,3,3,2,2,2,2,1): 190
V(3,3,3,3,1,1,1,1,1,1): 61
V(3,3,3,3,2,1,1,1,1): 267
V(3,3,3,3,2,2,1,1): 456
V(3,3,3,3,2,2,2): 241
V(3,3,3,3,3,1,1,1): 280
V(3,3,3,3,3,2,1): 397
V(3,3,3,3,3,3): 94
V(4,2,2,2,1,1,1,1,1,1,1,1): 1
V(4,2,2,2,2,1,1,1,1,1,1): 14
V(4,2,2,2,2,2,1,1,1,1): 39
V(4,2,2,2,2,2,2,1,1): 56
V(4,2,2,2,2,2,2,2): 25
V(4,3,2,1,1,1,1,1,1,1,1,1): 11
V(4,3,2,2,1,1,1,1,1,1,1): 97
V(4,3,2,2,2,1,1,1,1,1): 374
V(4,3,2,2,2,2,1,1,1): 705
V(4,3,2,2,2,2,2,1): 632
V(4,3,3,1,1,1,1,1,1,1,1): 106
V(4,3,3,2,1,1,1,1,1,1): 682
V(4,3,3,2,2,1,1,1,1): 1974
V(4,3,3,2,2,2,1,1): 2774
V(4,3,3,2,2,2,2): 1397
V(4,3,3,3,1,1,1,1,1): 1272
V(4,3,3,3,2,1,1,1): 3668
V(4,3,3,3,2,2,1): 3886
V(4,3,3,3,3,1,1): 2532
V(4,3,3,3,3,2): 1803
V(4,4,1,1,1,1,1,1,1,1,1,1): 13
V(4,4,2,1,1,1,1,1,1,1,1): 151
V(4,4,2,2,1,1,1,1,1,1): 777
V(4,4,2,2,2,1,1,1,1): 1977
V(4,4,2,2,2,2,1,1): 2657
V(4,4,2,2,2,2,2): 1286
V(4,4,3,1,1,1,1,1,1,1): 775
V(4,4,3,2,1,1,1,1,1): 3936
V(4,4,3,2,2,1,1,1): 8499
V(4,4,3,2,2,2,1): 8200
V(4,4,3,3,1,1,1,1): 5818
V(4,4,3,3,2,1,1): 12192
V(4,4,3,3,2,2): 7015
V(4,4,3,3,3,1): 5718
V(4,4,4,1,1,1,1,1,1): 1433
V(4,4,4,2,1,1,1,1): 6151
V(4,4,4,2,2,1,1): 10352
V(4,4,4,2,2,2): 5544
V(4,4,4,3,1,1,1): 8933
V(4,4,4,3,2,1): 13230
V(4,4,4,3,3): 3553
V(4,4,4,4,1,1): 4331
V(4,4,4,4,2): 3592
V(5,2,2,1,1,1,1,1,1,1,1,1): 21
V(5,2,2,2,1,1,1,1,1,1,1): 128
V(5,2,2,2,2,1,1,1,1,1): 351
V(5,2,2,2,2,2,1,1,1): 555
V(5,2,2,2,2,2,2,1): 452
V(5,3,1,1,1,1,1,1,1,1,1,1): 44
V(5,3,2,1,1,1,1,1,1,1,1): 431
V(5,3,2,2,1,1,1,1,1,1): 1758
V(5,3,2,2,2,1,1,1,1): 3935
V(5,3,2,2,2,2,1,1): 4848
V(5,3,2,2,2,2,2): 2298
V(5,3,3,1,1,1,1,1,1,1): 1429
V(5,3,3,2,1,1,1,1,1): 6278
V(5,3,3,2,2,1,1,1): 12450
V(5,3,3,2,2,2,1): 11473
V(5,3,3,3,1,1,1,1): 7970
V(5,3,3,3,2,1,1): 15828
V(5,3,3,3,2,2): 8832
V(5,3,3,3,3,1): 7006
V(5,4,1,1,1,1,1,1,1,1,1): 298
V(5,4,2,1,1,1,1,1,1,1): 2363
V(5,4,2,2,1,1,1,1,1): 8103
V(5,4,2,2,2,1,1,1): 14719
V(5,4,2,2,2,2,1): 13072
V(5,4,3,1,1,1,1,1,1): 7595
V(5,4,3,2,1,1,1,1): 28345
V(5,4,3,2,2,1,1): 43916
V(5,4,3,2,2,2): 22859
V(5,4,3,3,1,1,1): 30652
V(5,4,3,3,2,1): 42679
V(5,4,3,3,3): 10339
V(5,4,4,1,1,1,1,1): 10261
V(5,4,4,2,1,1,1): 33687
V(5,4,4,2,2,1): 38126
V(5,4,4,3,1,1): 35579
V(5,4,4,3,2): 27329
V(5,4,4,4,1): 11540
V(5,5,1,1,1,1,1,1,1,1): 749
V(5,5,2,1,1,1,1,1,1): 5080
V(5,5,2,2,1,1,1,1): 14532
V(5,5,2,2,2,1,1): 20381
V(5,5,2,2,2,2): 10259
V(5,5,3,1,1,1,1,1): 14160
V(5,5,3,2,1,1,1): 42701
V(5,5,3,2,2,1): 46521
V(5,5,3,3,1,1): 35724
V(5,5,3,3,2): 26531
V(5,5,4,1,1,1,1): 19250
V(5,5,4,2,1,1): 48347
V(5,5,4,2,2): 29877
V(5,5,4,3,1): 35629
V(5,5,4,4): 6422
V(5,5,5,1,1,1): 10559
V(5,5,5,2,1): 18706
V(5,5,5,3): 7688
V(6,2,1,1,1,1,1,1,1,1,1,1): 73
V(6,2,2,1,1,1,1,1,1,1,1): 427
V(6,2,2,2,1,1,1,1,1,1): 1290
V(6,2,2,2,2,1,1,1,1): 2298
V(6,2,2,2,2,2,1,1): 2469
V(6,2,2,2,2,2,2): 1082
V(6,3,1,1,1,1,1,1,1,1,1): 581
V(6,3,2,1,1,1,1,1,1,1): 3452
V(6,3,2,2,1,1,1,1,1): 9755
V(6,3,2,2,2,1,1,1): 15506
V(6,3,2,2,2,2,1): 12764
V(6,3,3,1,1,1,1,1,1): 7337
V(6,3,3,2,1,1,1,1): 23600
V(6,3,3,2,2,1,1): 33321
V(6,3,3,2,2,2): 16633
V(6,3,3,3,1,1,1): 21617
V(6,3,3,3,2,1): 28226
V(6,3,3,3,3): 6394
V(6,4,1,1,1,1,1,1,1,1): 2092
V(6,4,2,1,1,1,1,1,1): 12184
V(6,4,2,2,1,1,1,1): 31095
V(6,4,2,2,2,1,1): 40881
V(6,4,2,2,2,2): 19811
V(6,4,3,1,1,1,1,1): 28546
V(6,4,3,2,1,1,1): 79377
V(6,4,3,2,2,1): 82795
V(6,4,3,3,1,1): 61422
V(6,4,3,3,2): 44574
V(6,4,4,1,1,1,1): 28898
V(6,4,4,2,1,1): 68880
V(6,4,4,2,2): 41353
V(6,4,4,3,1): 47861
V(6,4,4,4): 7842
V(6,5,1,1,1,1,1,1,1): 4261
V(6,5,2,1,1,1,1,1): 22684
V(6,5,2,2,1,1,1): 49226
V(6,5,2,2,2,1): 47359
V(6,5,3,1,1,1,1): 48494
V(6,5,3,2,1,1): 106629
V(6,5,3,2,2): 62297
V(6,5,3,3,1): 59080
V(6,5,4,1,1,1): 50179
V(6,5,4,2,1): 83730
V(6,5,4,3): 31284
V(6,5,5,1,1): 21054
V(6,5,5,2): 18947
V(6,6,1,1,1,1,1,1): 4355
V(6,6,2,1,1,1,1): 19670
V(6,6,2,2,1,1): 33441
V(6,6,2,2,2): 18005
V(6,6,3,1,1,1): 34621
V(6,6,3,2,1): 52864
V(6,6,3,3): 15565
V(6,6,4,1,1): 28877
V(6,6,4,2): 25040
V(6,6,5,1): 10196
V(6,6,6): 925
V(7,1,1,1,1,1,1,1,1,1,1,1): 65
V(7,2,1,1,1,1,1,1,1,1,1): 605
V(7,2,2,1,1,1,1,1,1,1): 2279
V(7,2,2,2,1,1,1,1,1): 4849
V(7,2,2,2,2,1,1,1): 6344
V(7,2,2,2,2,2,1): 4617
V(7,3,1,1,1,1,1,1,1,1): 2642
V(7,3,2,1,1,1,1,1,1): 11736
V(7,3,2,2,1,1,1,1): 24791
V(7,3,2,2,2,1,1): 28615
V(7,3,2,2,2,2): 13022
V(7,3,3,1,1,1,1,1): 18265
V(7,3,3,2,1,1,1): 43472
V(7,3,3,2,2,1): 41409
V(7,3,3,3,1,1): 28269
V(7,3,3,3,2): 19341
V(7,4,1,1,1,1,1,1,1): 6717
V(7,4,2,1,1,1,1,1): 29871
V(7,4,2,2,1,1,1): 57326
V(7,4,2,2,2,1): 51235
V(7,4,3,1,1,1,1): 52634
V(7,4,3,2,1,1): 105679
V(7,4,3,2,2): 59055
V(7,4,3,3,1): 53709
V(7,4,4,1,1,1): 39499
V(7,4,4,2,1): 61898
V(7,4,4,3): 21709
V(7,5,1,1,1,1,1,1): 10680
V(7,5,2,1,1,1,1): 43742
V(7,5,2,2,1,1): 69393
V(7,5,2,2,2): 36316
V(7,5,3,1,1,1): 70053
V(7,5,3,2,1): 102217
V(7,5,3,3): 28874
V(7,5,4,1,1): 51980
V(7,5,4,2): 44050
V(7,5,5,1): 14390
V(7,6,1,1,1,1,1): 10244
V(7,6,2,1,1,1): 35393
V(7,6,2,2,1): 40598
V(7,6,3,1,1): 45049
V(7,6,3,2): 35425
V(7,6,4,1): 24524
V(7,6,5): 4373
V(7,7,1,1,1,1): 4841
V(7,7,2,1,1): 12754
V(7,7,2,2): 8016
V(7,7,3,1): 11078
V(7,7,4): 3158
V(8,1,1,1,1,1,1,1,1,1,1): 309
V(8,2,1,1,1,1,1,1,1,1): 1940
V(8,2,2,1,1,1,1,1,1): 5492
V(8,2,2,2,1,1,1,1): 8848
V(8,2,2,2,2,1,1): 8521
V(8,2,2,2,2,2): 3495
V(8,3,1,1,1,1,1,1,1): 5983
V(8,3,2,1,1,1,1,1): 20483
V(8,3,2,2,1,1,1): 32518
V(8,3,2,2,2,1): 25766
V(8,3,3,1,1,1,1): 23973
V(8,3,3,2,1,1): 41182
V(8,3,3,2,2): 21306
V(8,3,3,3,1): 17624
V(8,4,1,1,1,1,1,1): 11401
V(8,4,2,1,1,1,1): 38780
V(8,4,2,2,1,1): 54258
V(8,4,2,2,2): 26514
V(8,4,3,1,1,1): 50824
V(8,4,3,2,1): 67769
V(8,4,3,3): 17657
V(8,4,4,1,1): 27138
V(8,4,4,2): 21676
V(8,5,1,1,1,1,1): 14050
V(8,5,2,1,1,1): 43075
V(8,5,2,2,1): 45967
V(8,5,3,1,1): 49303
V(8,5,3,2): 37147
V(8,5,4,1): 23691
V(8,5,5): 3268
V(8,6,1,1,1,1): 10894
V(8,6,2,1,1): 27137
V(8,6,2,2): 16423
V(8,6,3,1): 22458
V(8,6,4): 6040
V(8,7,1,1,1): 4848
V(8,7,2,1): 8426
V(8,7,3): 3652
V(8,8,1,1): 980
V(8,8,2): 864
V(9,1,1,1,1,1,1,1,1,1): 644
V(9,2,1,1,1,1,1,1,1): 3182
V(9,2,2,1,1,1,1,1): 6942
V(9,2,2,2,1,1,1): 8483
V(9,2,2,2,2,1): 5654
V(9,3,1,1,1,1,1,1): 7456
V(9,3,2,1,1,1,1): 19447
V(9,3,2,2,1,1): 22556
V(9,3,2,2,2): 9962
V(9,3,3,1,1,1): 16913
V(9,3,3,2,1): 19506
V(9,3,3,3): 4353
V(9,4,1,1,1,1,1): 10750
V(9,4,2,1,1,1): 27375
V(9,4,2,2,1): 25854
V(9,4,3,1,1): 25687
V(9,4,3,2): 17919
V(9,4,4,1): 8920
V(9,5,1,1,1,1): 10110
V(9,5,2,1,1): 22254
V(9,5,2,2): 12680
V(9,5,3,1): 16627
V(9,5,4): 3983
V(9,6,1,1,1): 6049
V(9,6,2,1): 9845
V(9,6,3): 4079
V(9,7,1,1): 2113
V(9,7,2): 1860
V(9,8,1): 362
V(9,9): 20
V(10,1,1,1,1,1,1,1,1): 741
V(10,2,1,1,1,1,1,1): 2891
V(10,2,2,1,1,1,1): 4802
V(10,2,2,2,1,1): 4284
V(10,2,2,2,2): 1617
V(10,3,1,1,1,1,1): 5208
V(10,3,2,1,1,1): 10067
V(10,3,2,2,1): 7937
V(10,3,3,1,1): 6272
V(10,3,3,2): 3877
V(10,4,1,1,1,1): 5663
V(10,4,2,1,1): 10331
V(10,4,2,2): 5277
V(10,4,3,1): 6384
V(10,4,4): 1119
V(10,5,1,1,1): 3998
V(10,5,2,1): 5815
V(10,5,3): 2208
V(10,6,1,1): 1798
V(10,6,2): 1488
V(10,7,1): 455
V(10,8): 44
V(11,1,1,1,1,1,1,1): 495
V(11,2,1,1,1,1,1): 1462
V(11,2,2,1,1,1): 1787
V(11,2,2,2,1): 1065
V(11,3,1,1,1,1): 1986
V(11,3,2,1,1): 2710
V(11,3,2,2): 1166
V(11,3,3,1): 1115
V(11,4,1,1,1): 1620
V(11,4,2,1): 1928
V(11,4,3): 612
V(11,5,1,1): 856
V(11,5,2): 643
V(11,6,1): 281
V(11,7): 43
V(12,1,1,1,1,1,1): 181
V(12,2,1,1,1,1): 386
V(12,2,2,1,1): 320
V(12,2,2,2): 102
V(12,3,1,1,1): 377
V(12,3,2,1): 322
V(12,3,3): 69
V(12,4,1,1): 230
V(12,4,2): 137
V(12,5,1): 95
V(12,6): 22
V(13,1,1,1,1,1): 28
V(13,2,1,1,1): 41
V(13,2,2,1): 18
V(13,3,1,1): 27
V(13,3,2): 9
V(13,4,1): 13
V(13,5): 5
V(2,2,2,2,2,2,1,1,1,1,1): 1
V(2,2,2,2,2,2,2,1,1,1): 3
V(2,2,2,2,2,2,2,2,1): 4
V(3,2,2,2,1,1,1,1,1,1,1,1): 3
V(3,2,2,2,2,1,1,1,1,1,1): 35
V(3,2,2,2,2,2,1,1,1,1): 103
V(3,2,2,2,2,2,2,1,1): 142
V(3,2,2,2,2,2,2,2): 70
V(3,3,2,1,1,1,1,1,1,1,1,1): 18
V(3,3,2,2,1,1,1,1,1,1,1): 164
V(3,3,2,2,2,1,1,1,1,1): 603
V(3,3,2,2,2,2,1,1,1): 1098
V(3,3,2,2,2,2,2,1): 968
V(3,3,3,1,1,1,1,1,1,1,1): 147
V(3,3,3,2,1,1,1,1,1,1): 933
V(3,3,3,2,2,1,1,1,1): 2596
V(3,3,3,2,2,2,1,1): 3551
V(3,3,3,2,2,2,2): 1756
V(3,3,3,3,1,1,1,1,1): 1593
V(3,3,3,3,2,1,1,1): 4402
V(3,3,3,3,2,2,1): 4551
V(3,3,3,3,3,1,1): 2879
V(3,3,3,3,3,2): 2018
V(4,2,2,1,1,1,1,1,1,1,1,1): 43
V(4,2,2,2,1,1,1,1,1,1,1): 281
V(4,2,2,2,2,1,1,1,1,1): 863
V(4,2,2,2,2,2,1,1,1): 1449
V(4,2,2,2,2,2,2,1): 1224
V(4,3,1,1,1,1,1,1,1,1,1,1): 73
V(4,3,2,1,1,1,1,1,1,1,1): 820
V(4,3,2,2,1,1,1,1,1,1): 3601
V(4,3,2,2,2,1,1,1,1): 8373
V(4,3,2,2,2,2,1,1): 10541
V(4,3,2,2,2,2,2): 5026
V(4,3,3,1,1,1,1,1,1,1): 2767
V(4,3,3,2,1,1,1,1,1): 12489
V(4,3,3,2,2,1,1,1): 25063
V(4,3,3,2,2,2,1): 23180
V(4,3,3,3,1,1,1,1): 15639
V(4,3,3,3,2,1,1): 30966
V(4,3,3,3,2,2): 17267
V(4,3,3,3,3,1): 13474
V(4,4,1,1,1,1,1,1,1,1,1): 431
V(4,4,2,1,1,1,1,1,1,1): 3574
V(4,4,2,2,1,1,1,1,1): 12422
V(4,4,2,2,2,1,1,1): 22625
V(4,4,2,2,2,2,1): 20081
V(4,4,3,1,1,1,1,1,1): 11162
V(4,4,3,2,1,1,1,1): 41263
V(4,4,3,2,2,1,1): 63448
V(4,4,3,2,2,2): 32858
V(4,4,3,3,1,1,1): 43198
V(4,4,3,3,2,1): 59516
V(4,4,3,3,3): 14167
V(4,4,4,1,1,1,1,1): 13291
V(4,4,4,2,1,1,1): 42700
V(4,4,4,2,2,1): 47711
V(4,4,4,3,1,1): 43328
V(4,4,4,3,2): 32892
V(4,4,4,4,1): 13005
V(5,2,1,1,1,1,1,1,1,1,1,1): 130
V(5,2,2,1,1,1,1,1,1,1,1): 888
V(5,2,2,2,1,1,1,1,1,1): 3068
V(5,2,2,2,2,1,1,1,1): 6181
V(5,2,2,2,2,2,1,1): 7192
V(5,2,2,2,2,2,2): 3308
V(5,3,1,1,1,1,1,1,1,1,1): 1132
V(5,3,2,1,1,1,1,1,1,1): 7661
V(5,3,2,2,1,1,1,1,1): 23850
V(5,3,2,2,2,1,1,1): 40674
V(5,3,2,2,2,2,1): 34901
V(5,3,3,1,1,1,1,1,1): 17540
V(5,3,3,2,1,1,1,1): 59936
V(5,3,3,2,2,1,1): 88082
V(5,3,3,2,2,2): 44744
V(5,3,3,3,1,1,1): 56397
V(5,3,3,3,2,1): 75198
V(5,3,3,3,3): 17141
V(5,4,1,1,1,1,1,1,1,1): 4216
V(5,4,2,1,1,1,1,1,1): 26416
V(5,4,2,2,1,1,1,1): 70999
V(5,4,2,2,2,1,1): 96274
V(5,4,2,2,2,2): 47478
V(5,4,3,1,1,1,1,1): 63872
V(5,4,3,2,1,1,1): 182459
V(5,4,3,2,2,1): 193138
V(5,4,3,3,1,1): 141885
V(5,4,3,3,2): 103430
V(5,4,4,1,1,1,1): 62625
V(5,4,4,2,1,1): 150228
V(5,4,4,2,2): 90648
V(5,4,4,3,1): 103407
V(5,4,4,4): 16389
V(5,5,1,1,1,1,1,1,1): 7138
V(5,5,2,1,1,1,1,1): 39048
V(5,5,2,2,1,1,1): 86229
V(5,5,2,2,2,1): 83820
V(5,5,3,1,1,1,1): 83560
V(5,5,3,2,1,1): 184852
V(5,5,3,2,2): 108320
V(5,5,3,3,1): 101786
V(5,5,4,1,1,1): 82440
V(5,5,4,2,1): 137173
V(5,5,4,3): 50601
V(5,5,5,1,1): 30961
V(5,5,5,2): 27652
V(6,1,1,1,1,1,1,1,1,1,1,1): 107
V(6,2,1,1,1,1,1,1,1,1,1): 1212
V(6,2,2,1,1,1,1,1,1,1): 5345
V(6,2,2,2,1,1,1,1,1): 13304
V(6,2,2,2,2,1,1,1): 19883
V(6,2,2,2,2,2,1): 15889
V(6,3,1,1,1,1,1,1,1,1): 6061
V(6,3,2,1,1,1,1,1,1): 30961
V(6,3,2,2,1,1,1,1): 73825
V(6,3,2,2,2,1,1): 93312
V(6,3,2,2,2,2): 44543
V(6,3,3,1,1,1,1,1): 53670
V(6,3,3,2,1,1,1): 139760
V(6,3,3,2,2,1): 140919
V(6,3,3,3,1,1): 96143
V(6,3,3,3,2): 67868
V(6,4,1,1,1,1,1,1,1): 16895
V(6,4,2,1,1,1,1,1): 83440
V(6,4,2,2,1,1,1): 173523
V(6,4,2,2,2,1): 163224
V(6,4,3,1,1,1,1): 157855
V(6,4,3,2,1,1): 334407
V(6,4,3,2,2): 192025
V(6,4,3,3,1): 175083
V(6,4,4,1,1,1): 120874
V(6,4,4,2,1): 195016
V(6,4,4,3): 69122
V(6,5,1,1,1,1,1,1): 27165
V(6,5,2,1,1,1,1): 118713
V(6,5,2,2,1,1): 197345
V(6,5,2,2,2): 105677
V(6,5,3,1,1,1): 198123
V(6,5,3,2,1): 297406
V(6,5,3,3): 85281
V(6,5,4,1,1): 147342
V(6,5,4,2): 126401
V(6,5,5,1): 39424
V(6,6,1,1,1,1,1): 21581
V(6,6,2,1,1,1): 77457
V(6,6,2,2,1): 91108
V(6,6,3,1,1): 101076
V(6,6,3,2): 80600
V(6,6,4,1): 54789
V(6,6,5): 9473
V(7,1,1,1,1,1,1,1,1,1,1): 599
V(7,2,1,1,1,1,1,1,1,1): 4535
V(7,2,2,1,1,1,1,1,1): 15343
V(7,2,2,2,1,1,1,1): 29528
V(7,2,2,2,2,1,1): 33004
V(7,2,2,2,2,2): 14863
V(7,3,1,1,1,1,1,1,1): 16551
V(7,3,2,1,1,1,1,1): 66706
V(7,3,2,2,1,1,1): 122625
V(7,3,2,2,2,1): 107748
V(7,3,3,1,1,1,1): 89568
V(7,3,3,2,1,1): 172256
V(7,3,3,2,2): 94701
V(7,3,3,3,1): 79447
V(7,4,1,1,1,1,1,1): 36100
V(7,4,2,1,1,1,1): 140574
V(7,4,2,2,1,1): 218246
V(7,4,2,2,2): 113147
V(7,4,3,1,1,1): 203998
V(7,4,3,2,1): 291789
V(7,4,3,3): 79230
V(7,4,4,1,1): 114831
V(7,4,4,2): 95443
V(7,5,1,1,1,1,1): 48592
V(7,5,2,1,1,1): 164342
V(7,5,2,2,1): 187169
V(7,5,3,1,1): 201656
V(7,5,3,2): 157730
V(7,5,4,1): 99895
V(7,5,5): 13789
V(7,6,1,1,1,1): 38136
V(7,6,2,1,1): 101338
V(7,6,2,2): 63728
V(7,6,3,1): 87962
V(7,6,4): 24181
V(7,7,1,1,1): 14244
V(7,7,2,1): 25927
V(7,7,3): 11656
V(8,1,1,1,1,1,1,1,1,1): 1510
V(8,2,1,1,1,1,1,1,1): 9098
V(8,2,2,1,1,1,1,1): 24464
V(8,2,2,2,1,1,1): 36610
V(8,2,2,2,2,1): 28781
V(8,3,1,1,1,1,1,1): 25973
V(8,3,2,1,1,1,1): 82443
V(8,3,2,2,1,1): 113379
V(8,3,2,2,2): 55473
V(8,3,3,1,1,1): 84674
V(8,3,3,2,1): 110557
V(8,3,3,3): 26636
V(8,4,1,1,1,1,1): 44648
V(8,4,2,1,1,1): 134015
V(8,4,2,2,1): 142682
V(8,4,3,1,1): 142388
V(8,4,3,2): 106666
V(8,4,4,1): 53059
V(8,5,1,1,1,1): 48103
V(8,5,2,1,1): 119616
V(8,5,2,2): 72908
V(8,5,3,1): 97129
V(8,5,4): 24243
V(8,6,1,1,1): 31178
V(8,6,2,1): 55041
V(8,6,3): 24049
V(8,7,1,1): 10904
V(8,7,2): 10056
V(8,8,1): 1566
V(9,1,1,1,1,1,1,1,1): 2191
V(9,2,1,1,1,1,1,1): 10727
V(9,2,2,1,1,1,1): 22831
V(9,2,2,2,1,1): 25798
V(9,2,2,2,2): 11500
V(9,3,1,1,1,1,1): 24304
V(9,3,2,1,1,1): 59461
V(9,3,2,2,1): 56590
V(9,3,3,1,1): 44898
V(9,3,3,2): 31204
V(9,4,1,1,1,1): 32682
V(9,4,2,1,1): 72262
V(9,4,2,2): 41605
V(9,4,3,1): 51085
V(9,4,4): 9656
V(9,5,1,1,1): 27234
V(9,5,2,1): 45176
V(9,5,3): 18578
V(9,6,1,1): 13420
V(9,6,2): 12032
V(9,7,1): 3436
V(9,8): 327
V(10,1,1,1,1,1,1,1): 1946
V(10,2,1,1,1,1,1): 7616
V(10,2,2,1,1,1): 12528
V(10,2,2,2,1): 9905
V(10,3,1,1,1,1): 13550
V(10,3,2,1,1): 24501
V(10,3,2,2): 12841
V(10,3,3,1): 12459
V(10,4,1,1,1): 14011
V(10,4,2,1): 20816
V(10,4,3): 7553
V(10,5,1,1): 8691
V(10,5,2): 7414
V(10,6,1): 2967
V(10,7): 421
V(11,1,1,1,1,1,1): 1053
V(11,2,1,1,1,1): 3195
V(11,2,2,1,1): 3879
V(11,2,2,2): 1715
V(11,3,1,1,1): 4342
V(11,3,2,1): 5312
V(11,3,3): 1417
V(11,4,1,1): 3351
V(11,4,2): 2592
V(11,5,1): 1457
V(11,6): 277
V(12,1,1,1,1,1): 324
V(12,2,1,1,1): 727
V(12,2,2,1): 590
V(12,3,1,1): 720
V(12,3,2): 463
V(12,4,1): 395
V(12,5): 104
V(13,1,1,1,1): 44
V(13,2,1,1): 68
V(13,2,2): 27
V(13,3,1): 46
V(13,4): 17
V(2,2,2,2,1,1,1,1,1,1,1,1): 5
V(2,2,2,2,2,1,1,1,1,1,1): 45
V(2,2,2,2,2,2,1,1,1,1): 112
V(2,2,2,2,2,2,2,1,1): 150
V(2,2,2,2,2,2,2,2): 69
V(3,2,2,1,1,1,1,1,1,1,1,1): 65
V(3,2,2,2,1,1,1,1,1,1,1): 446
V(3,2,2,2,2,1,1,1,1,1): 1354
V(3,2,2,2,2,2,1,1,1): 2241
V(3,2,2,2,2,2,2,1): 1881
V(3,3,1,1,1,1,1,1,1,1,1,1): 82
V(3,3,2,1,1,1,1,1,1,1,1): 940
V(3,3,2,2,1,1,1,1,1,1): 4024
V(3,3,2,2,2,1,1,1,1): 9141
V(3,3,2,2,2,2,1,1): 11279
V(3,3,2,2,2,2,2): 5346
V(3,3,3,1,1,1,1,1,1,1): 2782
V(3,3,3,2,1,1,1,1,1): 12086
V(3,3,3,2,2,1,1,1): 23545
V(3,3,3,2,2,2,1): 21392
V(3,3,3,3,1,1,1,1): 14008
V(3,3,3,3,2,1,1): 26965
V(3,3,3,3,2,2): 14800
V(3,3,3,3,3,1): 11249
V(4,2,1,1,1,1,1,1,1,1,1,1): 199
V(4,2,2,1,1,1,1,1,1,1,1): 1516
V(4,2,2,2,1,1,1,1,1,1): 5595
V(4,2,2,2,2,1,1,1,1): 11660
V(4,2,2,2,2,2,1,1): 13837
V(4,2,2,2,2,2,2): 6397
V(4,3,1,1,1,1,1,1,1,1,1): 1742
V(4,3,2,1,1,1,1,1,1,1): 12352
V(4,3,2,2,1,1,1,1,1): 39276
V(4,3,2,2,2,1,1,1): 67613
V(4,3,2,2,2,2,1): 58211
V(4,3,3,1,1,1,1,1,1): 27572
V(4,3,3,2,1,1,1,1): 94067
V(4,3,3,2,2,1,1): 137772
V(4,3,3,2,2,2): 69855
V(4,3,3,3,1,1,1): 85995
V(4,3,3,3,2,1): 113757
V(4,3,3,3,3): 25473
V(4,4,1,1,1,1,1,1,1,1): 5191
V(4,4,2,1,1,1,1,1,1): 32567
V(4,4,2,2,1,1,1,1): 87049
V(4,4,2,2,2,1,1): 117599
V(4,4,2,2,2,2): 57757
V(4,4,3,1,1,1,1,1): 75021
V(4,4,3,2,1,1,1): 211142
V(4,4,3,2,2,1): 221541
V(4,4,3,3,1,1): 158693
V(4,4,3,3,2): 114757
V(4,4,4,1,1,1,1): 65030
V(4,4,4,2,1,1): 153161
V(4,4,4,2,2): 91449
V(4,4,4,3,1): 101782
V(4,4,4,4): 15096
V(5,1,1,1,1,1,1,1,1,1,1,1): 167
V(5,2,1,1,1,1,1,1,1,1,1): 2136
V(5,2,2,1,1,1,1,1,1,1): 10522
V(5,2,2,2,1,1,1,1,1): 28405
V(5,2,2,2,2,1,1,1): 44889
V(5,2,2,2,2,2,1): 37020
V(5,3,1,1,1,1,1,1,1,1): 11385
V(5,3,2,1,1,1,1,1,1): 62351
V(5,3,2,2,1,1,1,1): 155751
V(5,3,2,2,2,1,1): 202501
V(5,3,2,2,2,2): 97997
V(5,3,3,1,1,1,1,1): 110610
V(5,3,3,2,1,1,1): 294684
V(5,3,3,2,2,1): 300873
V(5,3,3,3,1,1): 202755
V(5,3,3,3,2): 143660
V(5,4,1,1,1,1,1,1,1): 30776
V(5,4,2,1,1,1,1,1): 156983
V(5,4,2,2,1,1,1): 333112
V(5,4,2,2,2,1): 316816
V(5,4,3,1,1,1,1): 296406
V(5,4,3,2,1,1): 631949
V(5,4,3,2,2): 363976
V(5,4,3,3,1): 327891
V(5,4,4,1,1,1): 216456
V(5,4,4,2,1): 348487
V(5,4,4,3): 121855
V(5,5,1,1,1,1,1,1): 39081
V(5,5,2,1,1,1,1): 172213
V(5,5,2,2,1,1): 287609
V(5,5,2,2,2): 154517
V(5,5,3,1,1,1): 282851
V(5,5,3,2,1): 423963
V(5,5,3,3): 120123
V(5,5,4,1,1): 199650
V(5,5,4,2): 170603
V(5,5,5,1): 47969
V(6,1,1,1,1,1,1,1,1,1,1): 1070
V(6,2,1,1,1,1,1,1,1,1): 9311
V(6,2,2,1,1,1,1,1,1): 35543
V(6,2,2,2,1,1,1,1): 75409
V(6,2,2,2,2,1,1): 90272
V(6,2,2,2,2,2): 42052
V(6,3,1,1,1,1,1,1,1): 37497
V(6,3,2,1,1,1,1,1): 165175
V(6,3,2,2,1,1,1): 324094
V(6,3,2,2,2,1): 296229
V(6,3,3,1,1,1,1): 233846
V(6,3,3,2,1,1): 468166
V(6,3,3,2,2): 262592
V(6,3,3,3,1): 219954
V(6,4,1,1,1,1,1,1): 85084
V(6,4,2,1,1,1,1): 350597
V(6,4,2,2,1,1): 565411
V(6,4,2,2,2): 298560
V(6,4,3,1,1,1): 522833
V(6,4,3,2,1): 763297
V(6,4,3,3): 208558
V(6,4,4,1,1): 292122
V(6,4,4,2): 244679
V(6,5,1,1,1,1,1): 109614
V(6,5,2,1,1,1): 382805
V(6,5,2,2,1): 444538
V(6,5,3,1,1): 474875
V(6,5,3,2): 374696
V(6,5,4,1): 231665
V(6,5,5): 30658
V(6,6,1,1,1,1): 68332
V(6,6,2,1,1): 184911
V(6,6,2,2): 117241
V(6,6,3,1): 161012
V(6,6,4): 43483
V(7,1,1,1,1,1,1,1,1,1): 3174
V(7,2,1,1,1,1,1,1,1): 22299
V(7,2,2,1,1,1,1,1): 68740
V(7,2,2,2,1,1,1): 115209
V(7,2,2,2,2,1): 97560
V(7,3,1,1,1,1,1,1): 72115
V(7,3,2,1,1,1,1): 255009
V(7,3,2,2,1,1): 379488
V(7,3,2,2,2): 193536
V(7,3,3,1,1,1): 281995
V(7,3,3,2,1): 386953
V(7,3,3,3): 95790
V(7,4,1,1,1,1,1): 134291
V(7,4,2,1,1,1): 434879
V(7,4,2,2,1): 485679
V(7,4,3,1,1): 483657
V(7,4,3,2): 371643
V(7,4,4,1): 182774
V(7,5,1,1,1,1): 148627
V(7,5,2,1,1): 387916
V(7,5,2,2): 242477
V(7,5,3,1): 323398
V(7,5,4): 81008
V(7,6,1,1,1): 92104
V(7,6,2,1): 167454
V(7,6,3): 74287
V(7,7,1,1): 25794
V(7,7,2): 24257
V(8,1,1,1,1,1,1,1,1): 5599
V(8,2,1,1,1,1,1,1): 32515
V(8,2,2,1,1,1,1): 80973
V(8,2,2,2,1,1): 103776
V(8,2,2,2,2): 49633
V(8,3,1,1,1,1,1): 85379
V(8,3,2,1,1,1): 236981
V(8,3,2,2,1): 245561
V(8,3,3,1,1): 195288
V(8,3,3,2): 142396
V(8,4,1,1,1,1): 127889
V(8,4,2,1,1): 309038
V(8,4,2,2): 186471
V(8,4,3,1): 230582
V(8,4,4): 44546
V(8,5,1,1,1): 113289
V(8,5,2,1): 198498
V(8,5,3): 84146
V(8,6,1,1): 56401
V(8,6,2): 52080
V(8,7,1): 13592
V(8,8): 1020
V(9,1,1,1,1,1,1,1): 6297
V(9,2,1,1,1,1,1): 29897
V(9,2,2,1,1,1): 58926
V(9,2,2,2,1): 53194
V(9,3,1,1,1,1): 63001
V(9,3,2,1,1): 131196
V(9,3,2,2): 74424
V(9,3,3,1): 73166
V(9,4,1,1,1): 73823
V(9,4,2,1): 120293
V(9,4,3): 45977
V(9,5,1,1): 49093
V(9,5,2): 43979
V(9,6,1): 16957
V(9,7): 2295
V(10,1,1,1,1,1,1): 4553
V(10,2,1,1,1,1): 17338
V(10,2,2,1,1): 25880
V(10,2,2,2): 13033
V(10,3,1,1,1): 28532
V(10,3,2,1): 40577
V(10,3,3): 11812
V(10,4,1,1): 24959
V(10,4,2): 21034
V(10,5,1): 11285
V(10,6): 2049
V(11,1,1,1,1,1): 2061
V(11,2,1,1,1): 6122
V(11,2,2,1): 6310
V(11,3,1,1): 7510
V(11,3,2): 5632
V(11,4,1): 4472
V(11,5): 1074
V(12,1,1,1,1): 543
V(12,2,1,1): 1187
V(12,2,2): 658
V(12,3,1): 995
V(12,4): 321
V(13,1,1,1): 66
V(13,2,1): 94
V(13,3): 43
V(2,2,2,1,1,1,1,1,1,1,1,1): 57
V(2,2,2,2,1,1,1,1,1,1,1): 347
V(2,2,2,2,2,1,1,1,1,1): 963
V(2,2,2,2,2,2,1,1,1): 1519
V(2,2,2,2,2,2,2,1): 1239
V(3,2,1,1,1,1,1,1,1,1,1,1): 239
V(3,2,2,1,1,1,1,1,1,1,1): 1825
V(3,2,2,2,1,1,1,1,1,1): 6561
V(3,2,2,2,2,1,1,1,1): 13388
V(3,2,2,2,2,2,1,1): 15627
V(3,2,2,2,2,2,2): 7194
V(3,3,1,1,1,1,1,1,1,1,1): 1617
V(3,3,2,1,1,1,1,1,1,1): 10906
V(3,3,2,2,1,1,1,1,1): 33470
V(3,3,2,2,2,1,1,1): 56168
V(3,3,2,2,2,2,1): 47656
V(3,3,3,1,1,1,1,1,1): 21437
V(3,3,3,2,1,1,1,1): 70209
V(3,3,3,2,2,1,1): 100280
V(3,3,3,2,2,2): 50229
V(3,3,3,3,1,1,1): 59882
V(3,3,3,3,2,1): 77426
V(3,3,3,3,3): 16765
V(4,1,1,1,1,1,1,1,1,1,1,1): 227
V(4,2,1,1,1,1,1,1,1,1,1): 3079
V(4,2,2,1,1,1,1,1,1,1): 15644
V(4,2,2,2,1,1,1,1,1): 42811
V(4,2,2,2,2,1,1,1): 68006
V(4,2,2,2,2,2,1): 56179
V(4,3,1,1,1,1,1,1,1,1): 15449
V(4,3,2,1,1,1,1,1,1): 84406
V(4,3,2,2,1,1,1,1): 209776
V(4,3,2,2,2,1,1): 271582
V(4,3,2,2,2,2): 131049
V(4,3,3,1,1,1,1,1): 142648
V(4,3,3,2,1,1,1): 374763
V(4,3,3,2,2,1): 379495
V(4,3,3,3,1,1): 249527
V(4,3,3,3,2): 175405
V(4,4,1,1,1,1,1,1,1): 32021
V(4,4,2,1,1,1,1,1): 159831
V(4,4,2,2,1,1,1): 334486
V(4,4,2,2,2,1): 315531
V(4,4,3,1,1,1,1): 285228
V(4,4,3,2,1,1): 597825
V(4,4,3,2,2): 341479
V(4,4,3,3,1): 300398
V(4,4,4,1,1,1): 185068
V(4,4,4,2,1): 292826
V(4,4,4,3): 99399
V(5,1,1,1,1,1,1,1,1,1,1): 1683
V(5,2,1,1,1,1,1,1,1,1): 15837
V(5,2,2,1,1,1,1,1,1): 63686
V(5,2,2,2,1,1,1,1): 139854
V(5,2,2,2,2,1,1): 170707
V(5,2,2,2,2,2): 80338
V(5,3,1,1,1,1,1,1,1): 64473
V(5,3,2,1,1,1,1,1): 290805
V(5,3,2,2,1,1,1): 578890
V(5,3,2,2,2,1): 533136
V(5,3,3,1,1,1,1): 408141
V(5,3,3,2,1,1): 819793
V(5,3,3,2,2): 460292
V(5,3,3,3,1): 380902
V(5,4,1,1,1,1,1,1): 135709
V(5,4,2,1,1,1,1): 562062
V(5,4,2,2,1,1): 908649
V(5,4,2,2,2): 480552
V(5,4,3,1,1,1): 821753
V(5,4,3,2,1): 1195947
V(5,4,3,3): 322397
V(5,4,4,1,1): 435324
V(5,4,4,2): 362908
V(5,5,1,1,1,1,1): 134497
V(5,5,2,1,1,1): 467058
V(5,5,2,2,1): 540894
V(5,5,3,1,1): 565497
V(5,5,3,2): 444120
V(5,5,4,1): 261807
V(5,5,5): 31226
V(6,1,1,1,1,1,1,1,1,1): 5855
V(6,2,1,1,1,1,1,1,1): 44963
V(6,2,2,1,1,1,1,1): 148471
V(6,2,2,2,1,1,1): 260926
V(6,2,2,2,2,1): 227146
V(6,3,1,1,1,1,1,1): 152375
V(6,3,2,1,1,1,1): 562026
V(6,3,2,2,1,1): 859334
V(6,3,2,2,2): 443933
V(6,3,3,1,1,1): 631143
V(6,3,3,2,1): 877658
V(6,3,3,3): 217607
V(6,4,1,1,1,1,1): 282067
V(6,4,2,1,1,1): 934025
V(6,4,2,2,1): 1056767
V(6,4,3,1,1): 1040913
V(6,4,3,2): 803582
V(6,4,4,1): 385292
V(6,5,1,1,1,1): 288888
V(6,5,2,1,1): 761619
V(6,5,2,2): 478309
V(6,5,3,1): 631886
V(6,5,4): 154728
V(6,6,1,1,1): 138982
V(6,6,2,1): 253507
V(6,6,3): 111672
V(7,1,1,1,1,1,1,1,1): 12275
V(7,2,1,1,1,1,1,1): 78996
V(7,2,2,1,1,1,1): 213612
V(7,2,2,2,1,1): 289485
V(7,2,2,2,2): 142567
V(7,3,1,1,1,1,1): 222300
V(7,3,2,1,1,1): 652250
V(7,3,2,2,1): 698743
V(7,3,3,1,1): 553788
V(7,3,3,2): 410443
V(7,4,1,1,1,1): 342883
V(7,4,2,1,1): 856392
V(7,4,2,2): 525602
V(7,4,3,1): 648084
V(7,4,4): 124791
V(7,5,1,1,1): 299379
V(7,5,2,1): 534089
V(7,5,3): 227545
V(7,6,1,1): 137913
V(7,6,2): 128618
V(7,7,1): 25921
V(8,1,1,1,1,1,1,1): 16763
V(8,2,1,1,1,1,1): 89719
V(8,2,2,1,1,1): 194016
V(8,2,2,2,1): 185866
V(8,3,1,1,1,1): 205846
V(8,3,2,1,1): 456500
V(8,3,2,2): 267380
V(8,3,3,1): 263838
V(8,4,1,1,1): 252879
V(8,4,2,1): 427737
V(8,4,3): 166436
V(8,5,1,1): 170049
V(8,5,2): 155186
V(8,6,1): 57101
V(8,7): 7043
V(9,1,1,1,1,1,1): 15238
V(9,2,1,1,1,1): 66458
V(9,2,2,1,1): 109651
V(9,2,2,2): 58384
V(9,3,1,1,1): 120353
V(9,3,2,1): 182363
V(9,3,3): 54900
V(9,4,1,1): 110884
V(9,4,2): 96700
V(9,5,1): 50732
V(9,6): 8998
V(10,1,1,1,1,1): 9153
V(10,2,1,1,1): 31528
V(10,2,2,1): 36102
V(10,3,1,1): 42694
V(10,3,2): 33926
V(10,4,1): 26499
V(10,5): 6247
V(11,1,1,1,1): 3507
V(11,2,1,1): 9052
V(11,2,2): 5588
V(11,3,1): 8273
V(11,4): 2643
V(12,1,1,1): 787
V(12,2,1): 1367
V(12,3): 652
V(13,1,1): 81
V(13,2): 72
V(2,2,1,1,1,1,1,1,1,1,1,1): 170
V(2,2,2,1,1,1,1,1,1,1,1): 1099
V(2,2,2,2,1,1,1,1,1,1): 3605
V(2,2,2,2,2,1,1,1,1): 6926
V(2,2,2,2,2,2,1,1): 7828
V(2,2,2,2,2,2,2): 3532
V(3,1,1,1,1,1,1,1,1,1,1,1): 253
V(3,2,1,1,1,1,1,1,1,1,1): 3135
V(3,2,2,1,1,1,1,1,1,1): 15063
V(3,2,2,2,1,1,1,1,1): 39690
V(3,2,2,2,2,1,1,1): 61486
V(3,2,2,2,2,2,1): 50088
V(3,3,1,1,1,1,1,1,1,1): 11693
V(3,3,2,1,1,1,1,1,1): 59900
V(3,3,2,2,1,1,1,1): 143186
V(3,3,2,2,2,1,1): 180994
V(3,3,2,2,2,2): 86434
V(3,3,3,1,1,1,1,1): 89323
V(3,3,3,2,1,1,1): 225765
V(3,3,3,2,2,1): 223902
V(3,3,3,3,1,1): 141127
V(3,3,3,3,2): 97535
V(4,1,1,1,1,1,1,1,1,1,1): 2183
V(4,2,1,1,1,1,1,1,1,1): 20284
V(4,2,2,1,1,1,1,1,1): 80681
V(4,2,2,2,1,1,1,1): 175474
V(4,2,2,2,2,1,1): 212829
V(4,2,2,2,2,2): 99766
V(4,3,1,1,1,1,1,1,1): 74975
V(4,3,2,1,1,1,1,1): 330051
V(4,3,2,2,1,1,1): 646941
V(4,3,2,2,2,1): 590556
V(4,3,3,1,1,1,1): 437570
V(4,3,3,2,1,1): 863509
V(4,3,3,2,2): 480906
V(4,3,3,3,1): 388717
V(4,4,1,1,1,1,1,1): 118983
V(4,4,2,1,1,1,1): 478176
V(4,4,2,2,1,1): 760084
V(4,4,2,2,2): 398588
V(4,4,3,1,1,1): 659797
V(4,4,3,2,1): 944465
V(4,4,3,3): 247591
V(4,4,4,1,1): 312099
V(4,4,4,2): 256442
V(5,1,1,1,1,1,1,1,1,1): 8894
V(5,2,1,1,1,1,1,1,1): 69860
V(5,2,2,1,1,1,1,1): 233660
V(5,2,2,2,1,1,1): 413635
V(5,2,2,2,2,1): 361400
V(5,3,1,1,1,1,1,1): 230374
V(5,3,2,1,1,1,1): 848622
V(5,3,2,2,1,1): 1296115
V(5,3,2,2,2): 669223
V(5,3,3,1,1,1): 931025
V(5,3,3,2,1): 1288193
V(5,3,3,3): 314888
V(5,4,1,1,1,1,1): 387020
V(5,4,2,1,1,1): 1269868
V(5,4,2,2,1): 1429727
V(5,4,3,1,1): 1377775
V(5,4,3,2): 1057482
V(5,4,4,1): 483553
V(5,5,1,1,1,1): 301470
V(5,5,2,1,1): 784934
V(5,5,2,2): 490443
V(5,5,3,1): 634167
V(5,5,4): 147803
V(6,1,1,1,1,1,1,1,1): 21998
V(6,2,1,1,1,1,1,1): 147548
V(6,2,2,1,1,1,1): 410308
V(6,2,2,2,1,1): 565827
V(6,2,2,2,2): 280868
V(6,3,1,1,1,1,1): 417959
V(6,3,2,1,1,1): 1242593
V(6,3,2,2,1): 1341059
V(6,3,3,1,1): 1050697
V(6,3,3,2): 780158
V(6,4,1,1,1,1): 623562
V(6,4,2,1,1): 1563333
V(6,4,2,2): 961063
V(6,4,3,1): 1172086
V(6,4,4): 220058
V(6,5,1,1,1): 495392
V(6,5,2,1): 882647
V(6,5,3): 372026
V(6,6,1,1): 175105
V(6,6,2): 162703
V(7,1,1,1,1,1,1,1): 35809
V(7,2,1,1,1,1,1): 202364
V(7,2,2,1,1,1): 454596
V(7,2,2,2,1): 445234
V(7,3,1,1,1,1): 476490
V(7,3,2,1,1): 1079941
V(7,3,2,2): 639269
V(7,3,3,1): 628265
V(7,4,1,1,1): 583465
V(7,4,2,1): 997342
V(7,4,3): 388075
V(7,5,1,1): 378247
V(7,5,2): 346598
V(7,6,1): 115712
V(7,7): 10991
V(8,1,1,1,1,1,1): 39418
V(8,2,1,1,1,1): 183455
V(8,2,2,1,1): 316137
V(8,2,2,2): 171943
V(8,3,1,1,1): 344699
V(8,3,2,1): 535419
V(8,3,3): 162883
V(8,4,1,1): 320960
V(8,4,2): 283176
V(8,5,1): 144707
V(8,6): 24494
V(9,1,1,1,1,1): 29403
V(9,2,1,1,1): 108894
V(9,2,2,1): 130273
V(9,3,1,1): 153603
V(9,3,2): 124790
V(9,4,1): 96504
V(9,5): 22441
V(10,1,1,1,1): 14601
V(10,2,1,1): 40626
V(10,2,2): 26079
V(10,3,1): 38499
V(10,4): 12296
V(11,1,1,1): 4609
V(11,2,1): 8619
V(11,3): 4156
V(12,1,1): 830
V(12,2): 789
V(13,1): 63
V(2,1,1,1,1,1,1,1,1,1,1,1): 195
V(2,2,1,1,1,1,1,1,1,1,1): 1691
V(2,2,2,1,1,1,1,1,1,1): 7022
V(2,2,2,2,1,1,1,1,1): 17017
V(2,2,2,2,2,1,1,1): 25142
V(2,2,2,2,2,2,1): 19960
V(3,1,1,1,1,1,1,1,1,1,1): 2085
V(3,2,1,1,1,1,1,1,1,1): 17155
V(3,2,2,1,1,1,1,1,1): 63786
V(3,2,2,2,1,1,1,1): 133284
V(3,2,2,2,2,1,1): 157858
V(3,2,2,2,2,2): 73231
V(3,3,1,1,1,1,1,1,1): 46898
V(3,3,2,1,1,1,1,1): 193402
V(3,3,2,2,1,1,1): 364972
V(3,3,2,2,2,1): 326580
V(3,3,3,1,1,1,1): 227190
V(3,3,3,2,1,1): 432976
V(3,3,3,2,2): 237403
V(3,3,3,3,1): 184129
V(4,1,1,1,1,1,1,1,1,1): 10311
V(4,2,1,1,1,1,1,1,1): 77340
V(4,2,2,1,1,1,1,1): 251375
V(4,2,2,2,1,1,1): 437229
V(4,2,2,2,2,1): 378271
V(4,3,1,1,1,1,1,1): 228181
V(4,3,2,1,1,1,1): 814218
V(4,3,2,2,1,1): 1221186
V(4,3,2,2,2): 625161
V(4,3,3,1,1,1): 842682
V(4,3,3,2,1): 1146415
V(4,3,3,3): 272534
V(4,4,1,1,1,1,1): 287825
V(4,4,2,1,1,1): 915052
V(4,4,2,2,1): 1013257
V(4,4,3,1,1): 938698
V(4,4,3,2): 710689
V(4,4,4,1): 295679
V(5,1,1,1,1,1,1,1,1): 30498
V(5,2,1,1,1,1,1,1): 202226
V(5,2,2,1,1,1,1): 558375
V(5,2,2,2,1,1): 766425
V(5,2,2,2,2): 379727
V(5,3,1,1,1,1,1): 546889
V(5,3,2,1,1,1): 1605694
V(5,3,2,2,1): 1721262
V(5,3,3,1,1): 1319731
V(5,3,3,2): 973273
V(5,4,1,1,1,1): 733804
V(5,4,2,1,1): 1813083
V(5,4,2,2): 1107524
V(5,4,3,1): 1321953
V(5,4,4): 236068
V(5,5,1,1,1): 441757
V(5,5,2,1): 776338
V(5,5,3): 319145
V(6,1,1,1,1,1,1,1): 59002
V(6,2,1,1,1,1,1): 336300
V(6,2,2,1,1,1): 759635
V(6,2,2,2,1): 746245
V(6,3,1,1,1,1): 779650
V(6,3,2,1,1): 1765279
V(6,3,2,2): 1044395
V(6,3,3,1): 1014644
V(6,4,1,1,1): 911522
V(6,4,2,1): 1551381
V(6,4,3): 596013
V(6,5,1,1): 533754
V(6,5,2): 486578
V(6,6,1): 124618
V(7,1,1,1,1,1,1): 77376
V(7,2,1,1,1,1): 367701
V(7,2,2,1,1): 641737
V(7,2,2,2): 351329
V(7,3,1,1,1): 691687
V(7,3,2,1): 1079908
V(7,3,3): 327401
V(7,4,1,1): 631613
V(7,4,2): 557897
V(7,5,1): 271816
V(7,6): 41659
V(8,1,1,1,1,1): 69440
V(8,2,1,1,1): 264291
V(8,2,2,1): 321259
V(8,3,1,1): 376392
V(8,3,2): 307918
V(8,4,1): 234758
V(8,5): 53199
V(9,1,1,1,1): 42218
V(9,2,1,1): 120961
V(9,2,2): 78857
V(9,3,1): 115938
V(9,4): 36859
V(10,1,1,1): 16827
V(10,2,1): 32384
V(10,3): 15715
V(11,1,1): 4096
V(11,2): 3986
V(12,1): 520
V(13): 21
V(1,1,1,1,1,1,1,1,1,1,1,1): 77
V(2,1,1,1,1,1,1,1,1,1,1): 1260
V(2,2,1,1,1,1,1,1,1,1): 7444
V(2,2,2,1,1,1,1,1,1): 24105
V(2,2,2,2,1,1,1,1): 46756
V(2,2,2,2,2,1,1): 53249
V(2,2,2,2,2,2): 24236
V(3,1,1,1,1,1,1,1,1,1): 8306
V(3,2,1,1,1,1,1,1,1): 54843
V(3,2,2,1,1,1,1,1): 166732
V(3,2,2,2,1,1,1): 279156
V(3,2,2,2,2,1): 236750
V(3,3,1,1,1,1,1,1): 120205
V(3,3,2,1,1,1,1): 402696
V(3,3,2,2,1,1): 583614
V(3,3,2,2,2): 294369
V(3,3,3,1,1,1): 371238
V(3,3,3,2,1): 490296
V(3,3,3,3): 110925
V(4,1,1,1,1,1,1,1,1): 30775
V(4,2,1,1,1,1,1,1): 192565
V(4,2,2,1,1,1,1): 514059
V(4,2,2,2,1,1): 692330
V(4,2,2,2,2): 339926
V(4,3,1,1,1,1,1): 464313
V(4,3,2,1,1,1): 1319284
V(4,3,2,2,1): 1390286
V(4,3,3,1,1): 1025031
V(4,3,3,2): 745721
V(4,4,1,1,1,1): 468497
V(4,4,2,1,1): 1123123
V(4,4,2,2): 676659
V(4,4,3,1): 777209
V(4,4,4): 125339
V(5,1,1,1,1,1,1,1): 72345
V(5,2,1,1,1,1,1): 401816
V(5,2,2,1,1,1): 893791
V(5,2,2,2,1): 870848
V(5,3,1,1,1,1): 882765
V(5,3,2,1,1): 1966752
V(5,3,2,2): 1155202
V(5,3,3,1): 1098538
V(5,4,1,1,1): 925919
V(5,4,2,1): 1552526
V(5,4,3): 581344
V(5,5,1,1): 411049
V(5,5,2): 370373
V(6,1,1,1,1,1,1): 113541
V(6,2,1,1,1,1): 535105
V(6,2,2,1,1): 929685
V(6,2,2,2): 507804
V(6,3,1,1,1): 981383
V(6,3,2,1): 1522396
V(6,3,3): 455233
V(6,4,1,1): 851460
V(6,4,2): 747309
V(6,5,1): 330273
V(6,6): 38583
V(7,1,1,1,1,1): 121282
V(7,2,1,1,1): 462628
V(7,2,2,1): 563105
V(7,3,1,1): 651987
V(7,3,2): 532753
V(7,4,1): 396268
V(7,5): 85440
V(8,1,1,1,1): 88003
V(8,2,1,1): 254088
V(8,2,2): 166221
V(8,3,1): 242768
V(8,4): 76058
V(9,1,1,1): 42340
V(9,2,1): 82177
V(9,3): 39831
V(10,1,1): 12745
V(10,2): 12480
V(11,1): 2115
V(12): 140
V(1,1,1,1,1,1,1,1,1,1,1): 365
V(2,1,1,1,1,1,1,1,1,1): 4078
V(2,2,1,1,1,1,1,1,1): 19712
V(2,2,2,1,1,1,1,1): 52635
V(2,2,2,2,1,1,1): 82603
V(2,2,2,2,2,1): 67834
V(3,1,1,1,1,1,1,1,1): 21031
V(3,2,1,1,1,1,1,1): 116359
V(3,2,2,1,1,1,1): 291560
V(3,2,2,2,1,1): 379543
V(3,2,2,2,2): 183608
V(3,3,1,1,1,1,1): 209701
V(3,3,2,1,1,1): 561512
V(3,3,2,2,1): 574849
V(3,3,3,1,1): 390950
V(3,3,3,2): 278016
V(4,1,1,1,1,1,1,1): 63365
V(4,2,1,1,1,1,1): 331323
V(4,2,2,1,1,1): 712795
V(4,2,2,2,1): 682535
V(4,3,1,1,1,1): 649889
V(4,3,2,1,1): 1403992
V(4,3,2,2): 813420
V(4,3,3,1): 744327
V(4,4,1,1,1): 514512
V(4,4,2,1): 839613
V(4,4,3): 300092
V(5,1,1,1,1,1,1): 122174
V(5,2,1,1,1,1): 558342
V(5,2,2,1,1): 953335
V(5,2,2,2): 516742
V(5,3,1,1,1): 968874
V(5,3,2,1): 1479626
V(5,3,3): 431053
V(5,4,1,1): 754943
V(5,4,2): 654439
V(5,5,1): 222701
V(6,1,1,1,1,1): 156825
V(6,2,1,1,1): 589314
V(6,2,2,1): 711637
V(6,3,1,1): 807067
V(6,3,2): 654822
V(6,4,1): 465730
V(6,5): 90608
V(7,1,1,1,1): 135283
V(7,2,1,1): 388206
V(7,2,2): 253360
V(7,3,1): 365471
V(7,4): 111452
V(8,1,1,1): 77157
V(8,2,1): 149597
V(8,3): 71935
V(9,1,1): 27693
V(9,2): 27150
V(10,1): 5592
V(11): 472
V(1,1,1,1,1,1,1,1,1,1): 905
V(2,1,1,1,1,1,1,1,1): 8643
V(2,2,1,1,1,1,1,1): 35451
V(2,2,2,1,1,1,1): 78827
V(2,2,2,2,1,1): 97019
V(2,2,2,2,2): 45787
V(3,1,1,1,1,1,1,1): 37310
V(3,2,1,1,1,1,1): 173439
V(3,2,2,1,1,1): 351832
V(3,2,2,2,1): 327395
V(3,3,1,1,1,1): 255763
V(3,3,2,1,1): 523528
V(3,3,2,2): 296662
V(3,3,3,1): 250528
V(4,1,1,1,1,1,1): 93559
V(4,2,1,1,1,1): 403180
V(4,2,2,1,1): 667496
V(4,2,2,2): 356816
V(4,3,1,1,1): 626664
V(4,3,2,1): 931407
V(4,3,3): 259058
V(4,4,1,1): 370256
V(4,4,2): 313979
V(5,1,1,1,1,1): 148652
V(5,2,1,1,1): 541277
V(5,2,2,1): 643188
V(5,3,1,1): 702383
V(5,3,2): 562668
V(5,4,1): 365214
V(5,5): 54321
V(6,1,1,1,1): 154423
V(6,2,1,1): 435809
V(6,2,2): 282225
V(6,3,1): 398772
V(6,4): 115672
V(7,1,1,1): 104522
V(7,2,1): 200958
V(7,3): 95188
V(8,1,1): 44260
V(8,2): 43209
V(9,1): 10566
V(10): 1070
V(1,1,1,1,1,1,1,1,1): 1572
V(2,1,1,1,1,1,1,1): 13157
V(2,2,1,1,1,1,1): 45806
V(2,2,2,1,1,1): 83287
V(2,2,2,2,1): 73840
V(3,1,1,1,1,1,1): 48228
V(3,2,1,1,1,1): 185669
V(3,2,2,1,1): 291469
V(3,2,2,2): 152412
V(3,3,1,1,1): 218260
V(3,3,2,1): 309564
V(3,3,3): 78474
V(4,1,1,1,1,1): 100585
V(4,2,1,1,1): 346497
V(4,2,2,1): 400724
V(4,3,1,1): 404446
V(4,3,2): 317050
V(4,4,1): 160356
V(5,1,1,1,1): 129953
V(5,2,1,1): 355994
V(5,2,2): 227602
V(5,3,1): 309687
V(5,4): 81366
V(6,1,1,1): 106071
V(6,2,1): 200709
V(6,3): 92635
V(7,1,1): 53206
V(7,2): 51563
V(8,1): 14928
V(9): 1782
V(1,1,1,1,1,1,1,1): 2069
V(2,1,1,1,1,1,1): 14914
V(2,2,1,1,1,1): 43409
V(2,2,2,1,1): 61601
V(2,2,2,2): 30961
V(3,1,1,1,1,1): 46011
V(3,2,1,1,1): 142392
V(3,2,2,1): 157216
V(3,3,1,1): 126605
V(3,3,2): 95600
V(4,1,1,1,1): 78550
V(4,2,1,1): 204415
V(4,2,2): 127874
V(4,3,1): 160865
V(4,4): 32483
V(5,1,1,1): 79963
V(5,2,1): 147407
V(5,3): 65018
V(6,1,1): 48409
V(6,2): 46289
V(7,1): 16074
V(8): 2245
V(1,1,1,1,1,1,1): 2088
V(2,1,1,1,1,1): 12707
V(2,2,1,1,1): 29998
V(2,2,2,1): 30192
V(3,1,1,1,1): 32268
V(3,2,1,1): 75981
V(3,2,2): 45781
V(3,3,1): 45994
V(4,1,1,1): 43612
V(4,2,1): 76782
V(4,3): 30894
V(5,1,1): 32996
V(5,2): 30901
V(6,1): 13220
V(7): 2187
V(1,1,1,1,1,1): 1604
V(2,1,1,1,1): 8072
V(2,2,1,1): 14632
V(2,2,2): 8138
V(3,1,1,1): 16272
V(3,2,1): 26160
V(3,3): 8217
V(4,1,1): 16386
V(4,2): 14771
V(5,1): 8219
V(6): 1639
V(1,1,1,1,1): 926
V(2,1,1,1): 3727
V(2,2,1): 4669
V(3,1,1): 5613
V(3,2): 4681
V(4,1): 3748
V(5): 936
V(1,1,1,1): 394
V(2,1,1): 1188
V(2,2): 790
V(3,1): 1190
V(4): 395
V(1,1,1): 118
V(2,1): 235
V(3): 117
V(1,1): 22
V(2): 22
V(1): 2
