V(5,4,4,1): 1
V(5,5,2,2): 1
V(6,4,2,1,1): 1
V(7,3,1,1,1,1): 1
V(8,1,1,1,1,1,1): 1
V(4,4,2,2,1): 1
V(4,4,3,1,1): 1
V(4,4,3,2): 1
V(4,4,4,1): 2
V(5,3,2,1,1,1): 1
V(5,3,2,2,1): 1
V(5,3,3,1,1): 1
V(5,3,3,2): 1
V(5,4,1,1,1,1): 1
V(5,4,2,1,1): 4
V(5,4,2,2): 3
V(5,4,3,1): 4
V(5,4,4): 2
V(5,5,1,1,1): 1
V(5,5,2,1): 3
V(5,5,3): 1
V(6,2,1,1,1,1,1): 1
V(6,2,2,1,1,1): 1
V(6,3,1,1,1,1): 3
V(6,3,2,1,1): 4
V(6,3,2,2): 1
V(6,3,3,1): 1
V(6,4,1,1,1): 3
V(6,4,2,1): 4
V(6,4,3): 1
V(6,5,1,1): 1
V(6,5,2): 1
V(7,1,1,1,1,1,1): 2
V(7,2,1,1,1,1): 3
V(7,2,2,1,1): 1
V(7,3,1,1,1): 3
V(7,3,2,1): 1
V(7,4,1,1): 1
V(8,1,1,1,1,1): 2
V(8,2,1,1,1): 1
V(3,3,2,2,2): 1
V(3,3,3,1,1,1): 1
V(3,3,3,2,1): 1
V(4,2,2,2,1,1): 1
V(4,3,1,1,1,1,1): 1
V(4,3,2,1,1,1): 5
V(4,3,2,2,1): 8
V(4,3,3,1,1): 7
V(4,3,3,2): 7
V(4,4,1,1,1,1): 3
V(4,4,2,1,1): 15
V(4,4,2,2): 8
V(4,4,3,1): 15
V(4,4,4): 4
V(5,2,1,1,1,1,1): 3
V(5,2,2,1,1,1): 6
V(5,2,2,2,1): 5
V(5,3,1,1,1,1): 12
V(5,3,2,1,1): 24
V(5,3,2,2): 16
V(5,3,3,1): 15
V(5,4,1,1,1): 17
V(5,4,2,1): 33
V(5,4,3): 14
V(5,5,1,1): 8
V(5,5,2): 11
V(6,1,1,1,1,1,1): 5
V(6,2,1,1,1,1): 13
V(6,2,2,1,1): 15
V(6,2,2,2): 4
V(6,3,1,1,1): 21
V(6,3,2,1): 24
V(6,3,3): 7
V(6,4,1,1): 18
V(6,4,2): 12
V(6,5,1): 6
V(7,1,1,1,1,1): 9
V(7,2,1,1,1): 13
V(7,2,2,1): 7
V(7,3,1,1): 9
V(7,3,2): 5
V(7,4,1): 4
V(7,5): 1
V(8,1,1,1,1): 3
V(8,2,1,1): 3
V(8,3,1): 1
V(3,2,2,1,1,1,1): 1
V(3,2,2,2,1,1): 4
V(3,2,2,2,2): 3
V(3,3,1,1,1,1,1): 2
V(3,3,2,1,1,1): 14
V(3,3,2,2,1): 19
V(3,3,3,1,1): 16
V(3,3,3,2): 14
V(4,2,1,1,1,1,1): 8
V(4,2,2,1,1,1): 22
V(4,2,2,2,1): 27
V(4,3,1,1,1,1): 33
V(4,3,2,1,1): 85
V(4,3,2,2): 54
V(4,3,3,1): 57
V(4,4,1,1,1): 43
V(4,4,2,1): 83
V(4,4,3): 35
V(5,1,1,1,1,1,1): 10
V(5,2,1,1,1,1): 42
V(5,2,2,1,1): 69
V(5,2,2,2): 38
V(5,3,1,1,1): 88
V(5,3,2,1): 137
V(5,3,3): 44
V(5,4,1,1): 86
V(5,4,2): 78
V(5,5,1): 28
V(6,1,1,1,1,1): 26
V(6,2,1,1,1): 67
V(6,2,2,1): 66
V(6,3,1,1): 82
V(6,3,2): 62
V(6,4,1): 49
V(6,5): 10
V(7,1,1,1,1): 22
V(7,2,1,1): 37
V(7,2,2): 18
V(7,3,1): 27
V(7,4): 8
V(8,1,1,1): 6
V(8,2,1): 6
V(8,3): 3
V(2,2,2,1,1,1,1): 2
V(2,2,2,2,1,1): 8
V(2,2,2,2,2): 3
V(3,2,1,1,1,1,1): 15
V(3,2,2,1,1,1): 49
V(3,2,2,2,1): 59
V(3,3,1,1,1,1): 54
V(3,3,2,1,1): 128
V(3,3,2,2): 86
V(3,3,3,1): 76
V(4,1,1,1,1,1,1): 19
V(4,2,1,1,1,1): 99
V(4,2,2,1,1): 194
V(4,2,2,2): 106
V(4,3,1,1,1): 213
V(4,3,2,1): 348
V(4,3,3): 111
V(4,4,1,1): 170
V(4,4,2): 143
V(5,1,1,1,1,1): 63
V(5,2,1,1,1): 216
V(5,2,2,1): 261
V(5,3,1,1): 304
V(5,3,2): 257
V(5,4,1): 183
V(5,5): 32
V(6,1,1,1,1): 78
V(6,2,1,1): 198
V(6,2,2): 117
V(6,3,1): 177
V(6,4): 52
V(7,1,1,1): 45
V(7,2,1): 73
V(7,3): 35
V(8,1,1): 11
V(8,2): 8
V(2,2,1,1,1,1,1): 17
V(2,2,2,1,1,1): 47
V(2,2,2,2,1): 52
V(3,1,1,1,1,1,1): 28
V(3,2,1,1,1,1): 155
V(3,2,2,1,1): 289
V(3,2,2,2): 164
V(3,3,1,1,1): 251
V(3,3,2,1): 389
V(3,3,3): 111
V(4,1,1,1,1,1): 118
V(4,2,1,1,1): 443
V(4,2,2,1): 549
V(4,3,1,1): 596
V(4,3,2): 488
V(4,4,1): 272
V(5,1,1,1,1): 200
V(5,2,1,1): 556
V(5,2,2): 363
V(5,3,1): 512
V(5,4): 145
V(6,1,1,1): 171
V(6,2,1): 317
V(6,3): 151
V(7,1,1): 72
V(7,2): 68
V(8,1): 12
V(2,1,1,1,1,1,1): 30
V(2,2,1,1,1,1): 114
V(2,2,2,1,1): 197
V(2,2,2,2): 100
V(3,1,1,1,1,1): 156
V(3,2,1,1,1): 537
V(3,2,2,1): 637
V(3,3,1,1): 537
V(3,3,2): 436
V(4,1,1,1,1): 337
V(4,2,1,1): 939
V(4,2,2): 594
V(4,3,1): 788
V(4,4): 164
V(5,1,1,1): 384
V(5,2,1): 731
V(5,3): 340
V(6,1,1): 234
V(6,2): 221
V(7,1): 66
V(8): 5
V(1,1,1,1,1,1,1): 15
V(2,1,1,1,1,1): 122
V(2,2,1,1,1): 313
V(2,2,2,1): 335
V(3,1,1,1,1): 368
V(3,2,1,1): 911
V(3,2,2): 565
V(3,3,1): 585
V(4,1,1,1): 551
V(4,2,1): 1003
V(4,3): 419
V(5,1,1): 435
V(5,2): 417
V(6,1): 169
V(7): 24
V(1,1,1,1,1,1): 47
V(2,1,1,1,1): 229
V(2,2,1,1): 440
V(2,2,2): 241
V(3,1,1,1): 490
V(3,2,1): 815
V(3,3): 271
V(4,1,1): 523
V(4,2): 471
V(5,1): 265
V(6): 49
V(1,1,1,1,1): 64
V(2,1,1,1): 257
V(2,2,1): 328
V(3,1,1): 393
V(3,2): 334
V(4,1): 267
V(5): 67
V(1,1,1,1): 55
V(2,1,1): 177
V(2,2): 113
V(3,1): 178
V(4): 57
V(1,1,1): 34
V(2,1): 68
V(3): 35
V(1,1): 13
V(2): 11
V(1): 2
