V(5,5,4,2): 1
V(6,4,4,1,1): 1
V(6,5,2,2,1): 1
V(7,4,2,1,1,1): 1
V(8,3,1,1,1,1,1): 1
V(9,1,1,1,1,1,1,1): 1
V(4,4,4,2,1): 1
V(5,4,2,2,1,1): 1
V(5,4,2,2,2): 1
V(5,4,3,1,1,1): 1
V(5,4,3,2,1): 2
V(5,4,3,3): 1
V(5,4,4,1,1): 3
V(5,4,4,2): 3
V(5,5,2,1,1,1): 1
V(5,5,2,2,1): 3
V(5,5,3,1,1): 2
V(5,5,3,2): 3
V(5,5,4,1): 3
V(6,3,2,1,1,1,1): 1
V(6,3,2,2,1,1): 1
V(6,3,3,1,1,1): 1
V(6,3,3,2,1): 1
V(6,4,1,1,1,1,1): 1
V(6,4,2,1,1,1): 4
V(6,4,2,2,1): 4
V(6,4,3,1,1): 4
V(6,4,3,2): 2
V(6,4,4,1): 3
V(6,5,1,1,1,1): 1
V(6,5,2,1,1): 4
V(6,5,2,2): 3
V(6,5,3,1): 2
V(6,5,4): 1
V(6,6,2,1): 1
V(7,2,1,1,1,1,1,1): 1
V(7,2,2,1,1,1,1): 1
V(7,3,1,1,1,1,1): 3
V(7,3,2,1,1,1): 4
V(7,3,2,2,1): 1
V(7,3,3,1,1): 1
V(7,4,1,1,1,1): 3
V(7,4,2,1,1): 4
V(7,4,2,2): 1
V(7,4,3,1): 1
V(7,5,1,1,1): 1
V(7,5,2,1): 1
V(8,1,1,1,1,1,1,1): 2
V(8,2,1,1,1,1,1): 3
V(8,2,2,1,1,1): 1
V(8,3,1,1,1,1): 3
V(8,3,2,1,1): 1
V(8,4,1,1,1): 1
V(9,1,1,1,1,1,1): 2
V(9,2,1,1,1,1): 1
V(4,3,2,2,2,1): 1
V(4,3,3,1,1,1,1): 1
V(4,3,3,2,1,1): 2
V(4,3,3,2,2): 2
V(4,3,3,3,1): 1
V(4,4,2,1,1,1,1): 1
V(4,4,2,2,1,1): 5
V(4,4,2,2,2): 3
V(4,4,3,1,1,1): 5
V(4,4,3,2,1): 11
V(4,4,3,3): 4
V(4,4,4,1,1): 9
V(4,4,4,2): 6
V(5,2,2,2,1,1,1): 1
V(5,3,1,1,1,1,1,1): 1
V(5,3,2,1,1,1,1): 5
V(5,3,2,2,1,1): 9
V(5,3,2,2,2): 5
V(5,3,3,1,1,1): 8
V(5,3,3,2,1): 13
V(5,3,3,3): 4
V(5,4,1,1,1,1,1): 4
V(5,4,2,1,1,1): 20
V(5,4,2,2,1): 26
V(5,4,3,1,1): 29
V(5,4,3,2): 25
V(5,4,4,1): 19
V(5,5,1,1,1,1): 6
V(5,5,2,1,1): 21
V(5,5,2,2): 17
V(5,5,3,1): 21
V(5,5,4): 8
V(6,2,1,1,1,1,1,1): 3
V(6,2,2,1,1,1,1): 6
V(6,2,2,2,1,1): 5
V(6,2,2,2,2): 1
V(6,3,1,1,1,1,1): 12
V(6,3,2,1,1,1): 25
V(6,3,2,2,1): 21
V(6,3,3,1,1): 17
V(6,3,3,2): 12
V(6,4,1,1,1,1): 18
V(6,4,2,1,1): 42
V(6,4,2,2): 22
V(6,4,3,1): 29
V(6,4,4): 6
V(6,5,1,1,1): 13
V(6,5,2,1): 25
V(6,5,3): 10
V(6,6,1,1): 4
V(6,6,2): 3
V(7,1,1,1,1,1,1,1): 5
V(7,2,1,1,1,1,1): 13
V(7,2,2,1,1,1): 15
V(7,2,2,2,1): 5
V(7,3,1,1,1,1): 21
V(7,3,2,1,1): 25
V(7,3,2,2): 8
V(7,3,3,1): 9
V(7,4,1,1,1): 18
V(7,4,2,1): 18
V(7,4,3): 5
V(7,5,1,1): 7
V(7,5,2): 5
V(7,6,1): 1
V(8,1,1,1,1,1,1): 9
V(8,2,1,1,1,1): 13
V(8,2,2,1,1): 7
V(8,2,2,2): 1
V(8,3,1,1,1): 9
V(8,3,2,1): 5
V(8,3,3): 1
V(8,4,1,1): 4
V(8,4,2): 1
V(8,5,1): 1
V(9,1,1,1,1,1): 3
V(9,2,1,1,1): 3
V(9,3,1,1): 1
V(3,3,2,2,1,1,1): 2
V(3,3,2,2,2,1): 4
V(3,3,3,1,1,1,1): 3
V(3,3,3,2,1,1): 8
V(3,3,3,2,2): 6
V(3,3,3,3,1): 5
V(4,2,2,1,1,1,1,1): 1
V(4,2,2,2,1,1,1): 4
V(4,2,2,2,2,1): 5
V(4,3,1,1,1,1,1,1): 3
V(4,3,2,1,1,1,1): 19
V(4,3,2,2,1,1): 40
V(4,3,2,2,2): 24
V(4,3,3,1,1,1): 35
V(4,3,3,2,1): 58
V(4,3,3,3): 17
V(4,4,1,1,1,1,1): 12
V(4,4,2,1,1,1): 55
V(4,4,2,2,1): 72
V(4,4,3,1,1): 80
V(4,4,3,2): 66
V(4,4,4,1): 39
V(5,2,1,1,1,1,1,1): 8
V(5,2,2,1,1,1,1): 23
V(5,2,2,2,1,1): 32
V(5,2,2,2,2): 16
V(5,3,1,1,1,1,1): 36
V(5,3,2,1,1,1): 109
V(5,3,2,2,1): 123
V(5,3,3,1,1): 106
V(5,3,3,2): 84
V(5,4,1,1,1,1): 69
V(5,4,2,1,1): 190
V(5,4,2,2): 122
V(5,4,3,1): 161
V(5,4,4): 37
V(5,5,1,1,1): 54
V(5,5,2,1): 107
V(5,5,3): 49
V(6,1,1,1,1,1,1,1): 10
V(6,2,1,1,1,1,1): 43
V(6,2,2,1,1,1): 73
V(6,2,2,2,1): 58
V(6,3,1,1,1,1): 95
V(6,3,2,1,1): 181
V(6,3,2,2): 98
V(6,3,3,1): 101
V(6,4,1,1,1): 115
V(6,4,2,1): 184
V(6,4,3): 71
V(6,5,1,1): 67
V(6,5,2): 61
V(6,6,1): 14
V(7,1,1,1,1,1,1): 26
V(7,2,1,1,1,1): 68
V(7,2,2,1,1): 73
V(7,2,2,2): 28
V(7,3,1,1,1): 88
V(7,3,2,1): 100
V(7,3,3): 27
V(7,4,1,1): 66
V(7,4,2): 49
V(7,5,1): 25
V(7,6): 3
V(8,1,1,1,1,1): 22
V(8,2,1,1,1): 37
V(8,2,2,1): 23
V(8,3,1,1): 29
V(8,3,2): 16
V(8,4,1): 13
V(8,5): 3
V(9,1,1,1,1): 6
V(9,2,1,1): 6
V(9,2,2): 1
V(9,3,1): 3
V(9,4): 1
V(2,2,2,2,2,1,1): 1
V(3,2,2,1,1,1,1,1): 3
V(3,2,2,2,1,1,1): 14
V(3,2,2,2,2,1): 17
V(3,3,1,1,1,1,1,1): 6
V(3,3,2,1,1,1,1): 39
V(3,3,2,2,1,1): 78
V(3,3,2,2,2): 46
V(3,3,3,1,1,1): 60
V(3,3,3,2,1): 98
V(3,3,3,3): 25
V(4,2,1,1,1,1,1,1): 17
V(4,2,2,1,1,1,1): 64
V(4,2,2,2,1,1): 110
V(4,2,2,2,2): 59
V(4,3,1,1,1,1,1): 87
V(4,3,2,1,1,1): 298
V(4,3,2,2,1): 354
V(4,3,3,1,1): 292
V(4,3,3,2): 235
V(4,4,1,1,1,1): 140
V(4,4,2,1,1): 391
V(4,4,2,2): 246
V(4,4,3,1): 316
V(4,4,4): 58
V(5,1,1,1,1,1,1,1): 20
V(5,2,1,1,1,1,1): 111
V(5,2,2,1,1,1): 253
V(5,2,2,2,1): 252
V(5,3,1,1,1,1): 298
V(5,3,2,1,1): 694
V(5,3,2,2): 420
V(5,3,3,1): 432
V(5,4,1,1,1): 391
V(5,4,2,1): 686
V(5,4,3): 280
V(5,5,1,1): 200
V(5,5,2): 190
V(6,1,1,1,1,1,1): 65
V(6,2,1,1,1,1): 241
V(6,2,2,1,1): 370
V(6,2,2,2): 187
V(6,3,1,1,1): 420
V(6,3,2,1): 627
V(6,3,3): 193
V(6,4,1,1): 388
V(6,4,2): 333
V(6,5,1): 157
V(6,6): 16
V(7,1,1,1,1,1): 81
V(7,2,1,1,1): 223
V(7,2,2,1): 216
V(7,3,1,1): 263
V(7,3,2): 195
V(7,4,1): 151
V(7,5): 33
V(8,1,1,1,1): 46
V(8,2,1,1): 88
V(8,2,2): 43
V(8,3,1): 68
V(8,4): 21
V(9,1,1,1): 11
V(9,2,1): 12
V(9,3): 5
V(2,2,2,1,1,1,1,1): 5
V(2,2,2,2,1,1,1): 19
V(2,2,2,2,2,1): 20
V(3,2,1,1,1,1,1,1): 29
V(3,2,2,1,1,1,1): 119
V(3,2,2,2,1,1): 201
V(3,2,2,2,2): 108
V(3,3,1,1,1,1,1): 118
V(3,3,2,1,1,1): 392
V(3,3,2,2,1): 458
V(3,3,3,1,1): 343
V(3,3,3,2): 267
V(4,1,1,1,1,1,1,1): 33
V(4,2,1,1,1,1,1): 228
V(4,2,2,1,1,1): 575
V(4,2,2,2,1): 601
V(4,3,1,1,1,1): 611
V(4,3,2,1,1): 1461
V(4,3,2,2): 890
V(4,3,3,1): 878
V(4,4,1,1,1): 626
V(4,4,2,1): 1084
V(4,4,3): 418
V(5,1,1,1,1,1,1): 137
V(5,2,1,1,1,1): 626
V(5,2,2,1,1): 1102
V(5,2,2,2): 607
V(5,3,1,1,1): 1206
V(5,3,2,1): 1914
V(5,3,3): 596
V(5,4,1,1): 1071
V(5,4,2): 952
V(5,5,1): 346
V(6,1,1,1,1,1): 234
V(6,2,1,1,1): 805
V(6,2,2,1): 939
V(6,3,1,1): 1105
V(6,3,2): 894
V(6,4,1): 668
V(6,5): 136
V(7,1,1,1,1): 203
V(7,2,1,1): 510
V(7,2,2): 310
V(7,3,1): 460
V(7,4): 142
V(8,1,1,1): 90
V(8,2,1): 148
V(8,3): 70
V(9,1,1): 17
V(9,2): 14
V(2,2,1,1,1,1,1,1): 28
V(2,2,2,1,1,1,1): 100
V(2,2,2,2,1,1): 156
V(2,2,2,2,2): 80
V(3,1,1,1,1,1,1,1): 47
V(3,2,1,1,1,1,1): 314
V(3,2,2,1,1,1): 768
V(3,2,2,2,1): 787
V(3,3,1,1,1,1): 635
V(3,3,2,1,1): 1446
V(3,3,2,2): 866
V(3,3,3,1): 779
V(4,1,1,1,1,1,1): 233
V(4,2,1,1,1,1): 1120
V(4,2,2,1,1): 2006
V(4,2,2,2): 1106
V(4,3,1,1,1): 2013
V(4,3,2,1): 3161
V(4,3,3): 943
V(4,4,1,1): 1366
V(4,4,2): 1185
V(5,1,1,1,1,1): 501
V(5,2,1,1,1): 1882
V(5,2,2,1): 2290
V(5,3,1,1): 2603
V(5,3,2): 2132
V(5,4,1): 1454
V(5,5): 230
V(6,1,1,1,1): 583
V(6,2,1,1): 1633
V(6,2,2): 1049
V(6,3,1): 1527
V(6,4): 457
V(7,1,1,1): 381
V(7,2,1): 703
V(7,3): 336
V(8,1,1): 129
V(8,2): 120
V(9,1): 17
V(2,1,1,1,1,1,1,1): 45
V(2,2,1,1,1,1,1): 216
V(2,2,2,1,1,1): 468
V(2,2,2,2,1): 451
V(3,1,1,1,1,1,1): 281
V(3,2,1,1,1,1): 1232
V(3,2,2,1,1): 2096
V(3,2,2,2): 1134
V(3,3,1,1,1): 1659
V(3,3,2,1): 2492
V(3,3,3): 671
V(4,1,1,1,1,1): 764
V(4,2,1,1,1): 2808
V(4,2,2,1): 3368
V(4,3,1,1): 3529
V(4,3,2): 2839
V(4,4,1): 1497
V(5,1,1,1,1): 1135
V(5,2,1,1): 3205
V(5,2,2): 2074
V(5,3,1): 2903
V(5,4): 795
V(6,1,1,1): 966
V(6,2,1): 1845
V(6,3): 870
V(7,1,1): 457
V(7,2): 441
V(8,1): 105
V(9): 7
V(1,1,1,1,1,1,1,1): 22
V(2,1,1,1,1,1,1): 207
V(2,2,1,1,1,1): 666
V(2,2,2,1,1): 1010
V(2,2,2,2): 521
V(3,1,1,1,1,1): 765
V(3,2,1,1,1): 2516
V(3,2,2,1): 2878
V(3,3,1,1): 2391
V(3,3,2): 1853
V(4,1,1,1,1): 1469
V(4,2,1,1): 3974
V(4,2,2): 2521
V(4,3,1): 3256
V(4,4): 679
V(5,1,1,1): 1600
V(5,2,1): 3005
V(5,3): 1361
V(6,1,1): 977
V(6,2): 939
V(7,1): 302
V(8): 35
V(1,1,1,1,1,1,1): 73
V(2,1,1,1,1,1): 451
V(2,2,1,1,1): 1113
V(2,2,2,1): 1145
V(3,1,1,1,1): 1224
V(3,2,1,1): 2981
V(3,2,2): 1820
V(3,3,1): 1871
V(4,1,1,1): 1752
V(4,2,1): 3143
V(4,3): 1295
V(5,1,1): 1364
V(5,2): 1289
V(6,1): 540
V(7): 83
V(1,1,1,1,1,1): 117
V(2,1,1,1,1): 599
V(2,2,1,1): 1108
V(2,2,2): 618
V(3,1,1,1): 1240
V(3,2,1): 2028
V(3,3): 648
V(4,1,1): 1280
V(4,2): 1162
V(5,1): 647
V(6): 125
V(1,1,1,1,1): 125
V(2,1,1,1): 517
V(2,2,1): 651
V(3,1,1): 789
V(3,2): 660
V(4,1): 529
V(5): 132
V(1,1,1,1): 94
V(2,1,1): 287
V(2,2): 190
V(3,1): 288
V(4): 96
V(1,1,1): 47
V(2,1): 94
V(3): 46
V(1,1): 14
V(2): 14
V(1): 2
