V(5,5,5,3): 1
V(6,5,4,2,1): 1
V(6,6,2,2,2): 1
V(7,4,4,1,1,1): 1
V(7,5,2,2,1,1): 1
V(8,4,2,1,1,1,1): 1
V(9,3,1,1,1,1,1,1): 1
V(10,1,1,1,1,1,1,1,1): 1
V(5,4,4,2,1,1): 1
V(5,4,4,2,2): 1
V(5,4,4,3,1): 1
V(5,5,2,2,2,1): 1
V(5,5,3,2,1,1): 1
V(5,5,3,2,2): 1
V(5,5,3,3,1): 1
V(5,5,4,1,1,1): 1
V(5,5,4,2,1): 4
V(5,5,4,3): 3
V(5,5,5,1,1): 1
V(5,5,5,2): 2
V(6,4,2,2,1,1,1): 1
V(6,4,2,2,2,1): 1
V(6,4,3,1,1,1,1): 1
V(6,4,3,2,1,1): 2
V(6,4,3,2,2): 1
V(6,4,3,3,1): 1
V(6,4,4,1,1,1): 3
V(6,4,4,2,1): 4
V(6,4,4,3): 1
V(6,5,2,1,1,1,1): 1
V(6,5,2,2,1,1): 4
V(6,5,2,2,2): 3
V(6,5,3,1,1,1): 2
V(6,5,3,2,1): 5
V(6,5,3,3): 1
V(6,5,4,1,1): 4
V(6,5,4,2): 4
V(6,5,5,1): 1
V(6,6,2,1,1,1): 1
V(6,6,2,2,1): 3
V(6,6,3,1,1): 1
V(6,6,3,2): 1
V(6,6,4,1): 1
V(7,3,2,1,1,1,1,1): 1
V(7,3,2,2,1,1,1): 1
V(7,3,3,1,1,1,1): 1
V(7,3,3,2,1,1): 1
V(7,4,1,1,1,1,1,1): 1
V(7,4,2,1,1,1,1): 4
V(7,4,2,2,1,1): 4
V(7,4,2,2,2): 1
V(7,4,3,1,1,1): 4
V(7,4,3,2,1): 2
V(7,4,4,1,1): 3
V(7,4,4,2): 1
V(7,5,1,1,1,1,1): 1
V(7,5,2,1,1,1): 4
V(7,5,2,2,1): 4
V(7,5,3,1,1): 2
V(7,5,3,2): 1
V(7,5,4,1): 1
V(7,6,2,1,1): 1
V(7,6,2,2): 1
V(8,2,1,1,1,1,1,1,1): 1
V(8,2,2,1,1,1,1,1): 1
V(8,3,1,1,1,1,1,1): 3
V(8,3,2,1,1,1,1): 4
V(8,3,2,2,1,1): 1
V(8,3,3,1,1,1): 1
V(8,4,1,1,1,1,1): 3
V(8,4,2,1,1,1): 4
V(8,4,2,2,1): 1
V(8,4,3,1,1): 1
V(8,5,1,1,1,1): 1
V(8,5,2,1,1): 1
V(9,1,1,1,1,1,1,1,1): 2
V(9,2,1,1,1,1,1,1): 3
V(9,2,2,1,1,1,1): 1
V(9,3,1,1,1,1,1): 3
V(9,3,2,1,1,1): 1
V(9,4,1,1,1,1): 1
V(10,1,1,1,1,1,1,1): 2
V(10,2,1,1,1,1,1): 1
V(4,4,2,2,2,2): 1
V(4,4,3,2,1,1,1): 1
V(4,4,3,2,2,1): 2
V(4,4,3,3,1,1): 2
V(4,4,3,3,2): 1
V(4,4,4,1,1,1,1): 1
V(4,4,4,2,1,1): 4
V(4,4,4,2,2): 4
V(4,4,4,3,1): 4
V(4,4,4,4): 1
V(5,3,2,2,2,1,1): 1
V(5,3,3,1,1,1,1,1): 1
V(5,3,3,2,1,1,1): 2
V(5,3,3,2,2,1): 3
V(5,3,3,3,1,1): 1
V(5,3,3,3,2): 2
V(5,4,2,1,1,1,1,1): 1
V(5,4,2,2,1,1,1): 6
V(5,4,2,2,2,1): 8
V(5,4,3,1,1,1,1): 6
V(5,4,3,2,1,1): 19
V(5,4,3,2,2): 13
V(5,4,3,3,1): 13
V(5,4,4,1,1,1): 14
V(5,4,4,2,1): 26
V(5,4,4,3): 10
V(5,5,1,1,1,1,1,1): 1
V(5,5,2,1,1,1,1): 5
V(5,5,2,2,1,1): 18
V(5,5,2,2,2): 9
V(5,5,3,1,1,1): 14
V(5,5,3,2,1): 31
V(5,5,3,3): 13
V(5,5,4,1,1): 22
V(5,5,4,2): 22
V(5,5,5,1): 9
V(6,2,2,2,1,1,1,1): 1
V(6,3,1,1,1,1,1,1,1): 1
V(6,3,2,1,1,1,1,1): 5
V(6,3,2,2,1,1,1): 9
V(6,3,2,2,2,1): 6
V(6,3,3,1,1,1,1): 8
V(6,3,3,2,1,1): 14
V(6,3,3,2,2): 6
V(6,3,3,3,1): 6
V(6,4,1,1,1,1,1,1): 4
V(6,4,2,1,1,1,1): 21
V(6,4,2,2,1,1): 31
V(6,4,2,2,2): 18
V(6,4,3,1,1,1): 32
V(6,4,3,2,1): 44
V(6,4,3,3): 11
V(6,4,4,1,1): 27
V(6,4,4,2): 23
V(6,5,1,1,1,1,1): 7
V(6,5,2,1,1,1): 30
V(6,5,2,2,1): 40
V(6,5,3,1,1): 38
V(6,5,3,2): 31
V(6,5,4,1): 25
V(6,5,5): 3
V(6,6,1,1,1,1): 5
V(6,6,2,1,1): 14
V(6,6,2,2): 13
V(6,6,3,1): 11
V(6,6,4): 4
V(7,2,1,1,1,1,1,1,1): 3
V(7,2,2,1,1,1,1,1): 6
V(7,2,2,2,1,1,1): 5
V(7,2,2,2,2,1): 1
V(7,3,1,1,1,1,1,1): 12
V(7,3,2,1,1,1,1): 25
V(7,3,2,2,1,1): 22
V(7,3,2,2,2): 5
V(7,3,3,1,1,1): 17
V(7,3,3,2,1): 14
V(7,3,3,3): 3
V(7,4,1,1,1,1,1): 18
V(7,4,2,1,1,1): 43
V(7,4,2,2,1): 31
V(7,4,3,1,1): 32
V(7,4,3,2): 17
V(7,4,4,1): 11
V(7,5,1,1,1,1): 13
V(7,5,2,1,1): 31
V(7,5,2,2): 14
V(7,5,3,1): 18
V(7,5,4): 4
V(7,6,1,1,1): 5
V(7,6,2,1): 8
V(7,6,3): 2
V(7,7,1,1): 1
V(8,1,1,1,1,1,1,1,1): 5
V(8,2,1,1,1,1,1,1): 13
V(8,2,2,1,1,1,1): 15
V(8,2,2,2,1,1): 5
V(8,2,2,2,2): 1
V(8,3,1,1,1,1,1): 21
V(8,3,2,1,1,1): 25
V(8,3,2,2,1): 9
V(8,3,3,1,1): 9
V(8,3,3,2): 2
V(8,4,1,1,1,1): 18
V(8,4,2,1,1): 18
V(8,4,2,2): 6
V(8,4,3,1): 6
V(8,4,4): 1
V(8,5,1,1,1): 7
V(8,5,2,1): 6
V(8,5,3): 1
V(8,6,1,1): 1
V(8,6,2): 1
V(9,1,1,1,1,1,1,1): 9
V(9,2,1,1,1,1,1): 13
V(9,2,2,1,1,1): 7
V(9,2,2,2,1): 1
V(9,3,1,1,1,1): 9
V(9,3,2,1,1): 5
V(9,3,3,1): 1
V(9,4,1,1,1): 4
V(9,4,2,1): 1
V(9,5,1,1): 1
V(10,1,1,1,1,1,1): 3
V(10,2,1,1,1,1): 3
V(10,3,1,1,1): 1
V(3,3,3,2,2,1,1): 1
V(3,3,3,2,2,2): 1
V(3,3,3,3,1,1,1): 1
V(3,3,3,3,2,1): 1
V(3,3,3,3,3): 1
V(4,3,2,2,1,1,1,1): 2
V(4,3,2,2,2,1,1): 6
V(4,3,2,2,2,2): 4
V(4,3,3,1,1,1,1,1): 4
V(4,3,3,2,1,1,1): 14
V(4,3,3,2,2,1): 20
V(4,3,3,3,1,1): 14
V(4,3,3,3,2): 12
V(4,4,1,1,1,1,1,1,1): 1
V(4,4,2,1,1,1,1,1): 5
V(4,4,2,2,1,1,1): 22
V(4,4,2,2,2,1): 27
V(4,4,3,1,1,1,1): 23
V(4,4,3,2,1,1): 66
V(4,4,3,2,2): 44
V(4,4,3,3,1): 43
V(4,4,4,1,1,1): 35
V(4,4,4,2,1): 60
V(4,4,4,3): 24
V(5,2,2,1,1,1,1,1,1): 1
V(5,2,2,2,1,1,1,1): 4
V(5,2,2,2,2,1,1): 5
V(5,2,2,2,2,2): 2
V(5,3,1,1,1,1,1,1,1): 3
V(5,3,2,1,1,1,1,1): 20
V(5,3,2,2,1,1,1): 46
V(5,3,2,2,2,1): 47
V(5,3,3,1,1,1,1): 41
V(5,3,3,2,1,1): 93
V(5,3,3,2,2): 56
V(5,3,3,3,1): 51
V(5,4,1,1,1,1,1,1): 15
V(5,4,2,1,1,1,1): 80
V(5,4,2,2,1,1): 151
V(5,4,2,2,2): 85
V(5,4,3,1,1,1): 153
V(5,4,3,2,1): 251
V(5,4,3,3): 76
V(5,4,4,1,1): 125
V(5,4,4,2): 111
V(5,5,1,1,1,1,1): 26
V(5,5,2,1,1,1): 110
V(5,5,2,2,1): 146
V(5,5,3,1,1): 161
V(5,5,3,2): 139
V(5,5,4,1): 102
V(5,5,5): 16
V(6,2,1,1,1,1,1,1,1): 8
V(6,2,2,1,1,1,1,1): 23
V(6,2,2,2,1,1,1): 33
V(6,2,2,2,2,1): 21
V(6,3,1,1,1,1,1,1): 37
V(6,3,2,1,1,1,1): 114
V(6,3,2,2,1,1): 151
V(6,3,2,2,2): 72
V(6,3,3,1,1,1): 123
V(6,3,3,2,1): 160
V(6,3,3,3): 42
V(6,4,1,1,1,1,1): 76
V(6,4,2,1,1,1): 240
V(6,4,2,2,1): 258
V(6,4,3,1,1): 270
V(6,4,3,2): 205
V(6,4,4,1): 120
V(6,5,1,1,1,1): 83
V(6,5,2,1,1): 227
V(6,5,2,2): 144
V(6,5,3,1): 192
V(6,5,4): 52
V(6,6,1,1,1): 40
V(6,6,2,1): 73
V(6,6,3): 32
V(7,1,1,1,1,1,1,1,1): 10
V(7,2,1,1,1,1,1,1): 43
V(7,2,2,1,1,1,1): 74
V(7,2,2,2,1,1): 62
V(7,2,2,2,2): 20
V(7,3,1,1,1,1,1): 96
V(7,3,2,1,1,1): 190
V(7,3,2,2,1): 146
V(7,3,3,1,1): 123
V(7,3,3,2): 75
V(7,4,1,1,1,1): 122
V(7,4,2,1,1): 232
V(7,4,2,2): 118
V(7,4,3,1): 147
V(7,4,4): 29
V(7,5,1,1,1): 85
V(7,5,2,1): 131
V(7,5,3): 50
V(7,6,1,1): 30
V(7,6,2): 25
V(7,7,1): 4
V(8,1,1,1,1,1,1,1): 26
V(8,2,1,1,1,1,1): 68
V(8,2,2,1,1,1): 74
V(8,2,2,2,1): 35
V(8,3,1,1,1,1): 88
V(8,3,2,1,1): 107
V(8,3,2,2): 39
V(8,3,3,1): 41
V(8,4,1,1,1): 68
V(8,4,2,1): 73
V(8,4,3): 21
V(8,5,1,1): 31
V(8,5,2): 21
V(8,6,1): 7
V(9,1,1,1,1,1,1): 22
V(9,2,1,1,1,1): 37
V(9,2,2,1,1): 23
V(9,2,2,2): 5
V(9,3,1,1,1): 29
V(9,3,2,1): 18
V(9,3,3): 4
V(9,4,1,1): 13
V(9,4,2): 6
V(9,5,1): 4
V(9,6): 1
V(10,1,1,1,1,1): 6
V(10,2,1,1,1): 6
V(10,2,2,1): 1
V(10,3,1,1): 3
V(10,4,1): 1
V(3,2,2,2,2,1,1,1): 1
V(3,2,2,2,2,2,1): 1
V(3,3,2,1,1,1,1,1,1): 1
V(3,3,2,2,1,1,1,1): 7
V(3,3,2,2,2,1,1): 20
V(3,3,2,2,2,2): 9
V(3,3,3,1,1,1,1,1): 10
V(3,3,3,2,1,1,1): 35
V(3,3,3,2,2,1): 47
V(3,3,3,3,1,1): 30
V(3,3,3,3,2): 28
V(4,2,2,1,1,1,1,1,1): 3
V(4,2,2,2,1,1,1,1): 16
V(4,2,2,2,2,1,1): 25
V(4,2,2,2,2,2): 16
V(4,3,1,1,1,1,1,1,1): 8
V(4,3,2,1,1,1,1,1): 58
V(4,3,2,2,1,1,1): 155
V(4,3,2,2,2,1): 167
V(4,3,3,1,1,1,1): 128
V(4,3,3,2,1,1): 311
V(4,3,3,2,2): 188
V(4,3,3,3,1): 170
V(4,4,1,1,1,1,1,1): 33
V(4,4,2,1,1,1,1): 187
V(4,4,2,2,1,1): 341
V(4,4,2,2,2): 204
V(4,4,3,1,1,1): 347
V(4,4,3,2,1): 550
V(4,4,3,3): 158
V(4,4,4,1,1): 226
V(4,4,4,2): 203
V(5,2,1,1,1,1,1,1,1): 18
V(5,2,2,1,1,1,1,1): 68
V(5,2,2,2,1,1,1): 131
V(5,2,2,2,2,1): 119
V(5,3,1,1,1,1,1,1): 100
V(5,3,2,1,1,1,1): 385
V(5,3,2,2,1,1): 633
V(5,3,2,2,2): 331
V(5,3,3,1,1,1): 498
V(5,3,3,2,1): 745
V(5,3,3,3): 205
V(5,4,1,1,1,1,1): 230
V(5,4,2,1,1,1): 831
V(5,4,2,2,1): 987
V(5,4,3,1,1): 1032
V(5,4,3,2): 829
V(5,4,4,1): 440
V(5,5,1,1,1,1): 230
V(5,5,2,1,1): 669
V(5,5,2,2): 420
V(5,5,3,1): 598
V(5,5,4): 156
V(6,1,1,1,1,1,1,1,1): 20
V(6,2,1,1,1,1,1,1): 114
V(6,2,2,1,1,1,1): 273
V(6,2,2,2,1,1): 326
V(6,2,2,2,2): 157
V(6,3,1,1,1,1,1): 328
V(6,3,2,1,1,1): 885
V(6,3,2,2,1): 903
V(6,3,3,1,1): 756
V(6,3,3,2): 550
V(6,4,1,1,1,1): 528
V(6,4,2,1,1): 1269
V(6,4,2,2): 779
V(6,4,3,1): 979
V(6,4,4): 206
V(6,5,1,1,1): 442
V(6,5,2,1): 789
V(6,5,3): 339
V(6,6,1,1): 150
V(6,6,2): 147
V(7,1,1,1,1,1,1,1): 66
V(7,2,1,1,1,1,1): 247
V(7,2,2,1,1,1): 405
V(7,2,2,2,1): 311
V(7,3,1,1,1,1): 456
V(7,3,2,1,1): 846
V(7,3,2,2): 438
V(7,3,3,1): 450
V(7,4,1,1,1): 505
V(7,4,2,1): 763
V(7,4,3): 285
V(7,5,1,1): 307
V(7,5,2): 258
V(7,6,1): 82
V(7,7): 5
V(8,1,1,1,1,1,1): 81
V(8,2,1,1,1,1): 228
V(8,2,2,1,1): 247
V(8,2,2,2): 104
V(8,3,1,1,1): 288
V(8,3,2,1): 332
V(8,3,3): 86
V(8,4,1,1): 208
V(8,4,2): 161
V(8,5,1): 84
V(8,6): 14
V(9,1,1,1,1,1): 46
V(9,2,1,1,1): 89
V(9,2,2,1): 59
V(9,3,1,1): 78
V(9,3,2): 43
V(9,4,1): 37
V(9,5): 8
V(10,1,1,1,1): 11
V(10,2,1,1): 12
V(10,2,2): 4
V(10,3,1): 6
V(10,4): 3
V(2,2,2,2,2,1,1,1): 3
V(2,2,2,2,2,2,1): 3
V(3,2,2,1,1,1,1,1,1): 8
V(3,2,2,2,1,1,1,1): 39
V(3,2,2,2,2,1,1): 67
V(3,2,2,2,2,2): 35
V(3,3,1,1,1,1,1,1,1): 12
V(3,3,2,1,1,1,1,1): 98
V(3,3,2,2,1,1,1): 251
V(3,3,2,2,2,1): 267
V(3,3,3,1,1,1,1): 187
V(3,3,3,2,1,1): 433
V(3,3,3,2,2): 260
V(3,3,3,3,1): 221
V(4,2,1,1,1,1,1,1,1): 35
V(4,2,2,1,1,1,1,1): 161
V(4,2,2,2,1,1,1): 356
V(4,2,2,2,2,1): 345
V(4,3,1,1,1,1,1,1): 204
V(4,3,2,1,1,1,1): 883
V(4,3,2,2,1,1): 1502
V(4,3,2,2,2): 817
V(4,3,3,1,1,1): 1146
V(4,3,3,2,1): 1713
V(4,3,3,3): 451
V(4,4,1,1,1,1,1): 397
V(4,4,2,1,1,1): 1445
V(4,4,2,2,1): 1711
V(4,4,3,1,1): 1715
V(4,4,3,2): 1362
V(4,4,4,1): 635
V(5,1,1,1,1,1,1,1,1): 35
V(5,2,1,1,1,1,1,1): 261
V(5,2,2,1,1,1,1): 757
V(5,2,2,2,1,1): 1084
V(5,2,2,2,2): 548
V(5,3,1,1,1,1,1): 864
V(5,3,2,1,1,1): 2671
V(5,3,2,2,1): 2973
V(5,3,3,1,1): 2433
V(5,3,3,2): 1857
V(5,4,1,1,1,1): 1416
V(5,4,2,1,1): 3678
V(5,4,2,2): 2301
V(5,4,3,1): 2898
V(5,4,4): 571
V(5,5,1,1,1): 993
V(5,5,2,1): 1814
V(5,5,3): 787
V(6,1,1,1,1,1,1,1): 145
V(6,2,1,1,1,1,1): 708
V(6,2,2,1,1,1): 1478
V(6,2,2,2,1): 1389
V(6,3,1,1,1,1): 1628
V(6,3,2,1,1): 3591
V(6,3,2,2): 2100
V(6,3,3,1): 2123
V(6,4,1,1,1): 2025
V(6,4,2,1): 3432
V(6,4,3): 1356
V(6,5,1,1): 1250
V(6,5,2): 1140
V(6,6,1): 290
V(7,1,1,1,1,1,1): 245
V(7,2,1,1,1,1): 915
V(7,2,2,1,1): 1366
V(7,2,2,2): 687
V(7,3,1,1,1): 1526
V(7,3,2,1): 2202
V(7,3,3): 656
V(7,4,1,1): 1349
V(7,4,2): 1150
V(7,5,1): 576
V(7,6): 85
V(8,1,1,1,1,1): 211
V(8,2,1,1,1): 594
V(8,2,2,1): 588
V(8,3,1,1): 709
V(8,3,2): 522
V(8,4,1): 410
V(8,5): 92
V(9,1,1,1,1): 94
V(9,2,1,1): 186
V(9,2,2): 96
V(9,3,1): 148
V(9,4): 47
V(10,1,1,1): 18
V(10,2,1): 22
V(10,3): 9
V(2,2,2,1,1,1,1,1,1): 10
V(2,2,2,2,1,1,1,1): 45
V(2,2,2,2,2,1,1): 65
V(2,2,2,2,2,2): 38
V(3,2,1,1,1,1,1,1,1): 52
V(3,2,2,1,1,1,1,1): 258
V(3,2,2,2,1,1,1): 563
V(3,2,2,2,2,1): 539
V(3,3,1,1,1,1,1,1): 250
V(3,3,2,1,1,1,1): 1023
V(3,3,2,2,1,1): 1714
V(3,3,2,2,2): 903
V(3,3,3,1,1,1): 1176
V(3,3,3,2,1): 1710
V(3,3,3,3): 436
V(4,1,1,1,1,1,1,1,1): 57
V(4,2,1,1,1,1,1,1): 474
V(4,2,2,1,1,1,1): 1501
V(4,2,2,2,1,1): 2210
V(4,2,2,2,2): 1151
V(4,3,1,1,1,1,1): 1541
V(4,3,2,1,1,1): 4865
V(4,3,2,2,1): 5443
V(4,3,3,1,1): 4274
V(4,3,3,2): 3227
V(4,4,1,1,1,1): 1984
V(4,4,2,1,1): 5028
V(4,4,2,2): 3158
V(4,4,3,1): 3766
V(4,4,4): 673
V(5,1,1,1,1,1,1,1): 279
V(5,2,1,1,1,1,1): 1590
V(5,2,2,1,1,1): 3684
V(5,2,2,2,1): 3676
V(5,3,1,1,1,1): 3877
V(5,3,2,1,1): 9030
V(5,3,2,2): 5390
V(5,3,3,1): 5376
V(5,4,1,1,1): 4600
V(5,4,2,1): 7945
V(5,4,3): 3107
V(5,5,1,1): 2254
V(5,5,2): 2035
V(6,1,1,1,1,1,1): 593
V(6,2,1,1,1,1): 2657
V(6,2,2,1,1): 4499
V(6,2,2,2): 2456
V(6,3,1,1,1): 4939
V(6,3,2,1): 7659
V(6,3,3): 2341
V(6,4,1,1): 4474
V(6,4,2): 3972
V(6,5,1): 1807
V(6,6): 220
V(7,1,1,1,1,1): 694
V(7,2,1,1,1): 2402
V(7,2,2,1): 2761
V(7,3,1,1): 3276
V(7,3,2): 2604
V(7,4,1): 1992
V(7,5): 430
V(8,1,1,1,1): 466
V(8,2,1,1): 1168
V(8,2,2): 722
V(8,3,1): 1058
V(8,4): 336
V(9,1,1,1): 169
V(9,2,1): 278
V(9,3): 130
V(10,1,1): 25
V(10,2): 23
V(2,2,1,1,1,1,1,1,1): 47
V(2,2,2,1,1,1,1,1): 196
V(2,2,2,2,1,1,1): 393
V(2,2,2,2,2,1): 360
V(3,1,1,1,1,1,1,1,1): 73
V(3,2,1,1,1,1,1,1): 597
V(3,2,2,1,1,1,1): 1804
V(3,2,2,2,1,1): 2609
V(3,2,2,2,2): 1322
V(3,3,1,1,1,1,1): 1457
V(3,3,2,1,1,1): 4348
V(3,3,2,2,1): 4737
V(3,3,3,1,1): 3399
V(3,3,3,2): 2514
V(4,1,1,1,1,1,1,1): 434
V(4,2,1,1,1,1,1): 2552
V(4,2,2,1,1,1): 5958
V(4,2,2,2,1): 5957
V(4,3,1,1,1,1): 5773
V(4,3,2,1,1): 13216
V(4,3,2,2): 7867
V(4,3,3,1): 7491
V(4,4,1,1,1): 5200
V(4,4,2,1): 8781
V(4,4,3): 3276
V(5,1,1,1,1,1,1): 1138
V(5,2,1,1,1,1): 5393
V(5,2,2,1,1): 9477
V(5,2,2,2): 5204
V(5,3,1,1,1): 9982
V(5,3,2,1): 15640
V(5,3,3): 4721
V(5,4,1,1): 8340
V(5,4,2): 7344
V(5,5,1): 2596
V(6,1,1,1,1,1): 1686
V(6,2,1,1,1): 6312
V(6,2,2,1): 7620
V(6,3,1,1): 8841
V(6,3,2): 7207
V(6,4,1): 5268
V(6,5): 1052
V(7,1,1,1,1): 1491
V(7,2,1,1): 4152
V(7,2,2): 2667
V(7,3,1): 3904
V(7,4): 1209
V(8,1,1,1): 774
V(8,2,1): 1435
V(8,3): 685
V(9,1,1): 216
V(9,2): 203
V(10,1): 24
V(2,1,1,1,1,1,1,1,1): 67
V(2,2,1,1,1,1,1,1): 379
V(2,2,2,1,1,1,1): 1019
V(2,2,2,2,1,1): 1358
V(2,2,2,2,2): 684
V(3,1,1,1,1,1,1,1): 490
V(3,2,1,1,1,1,1): 2591
V(3,2,2,1,1,1): 5722
V(3,2,2,2,1): 5563
V(3,3,1,1,1,1): 4361
V(3,3,2,1,1): 9513
V(3,3,2,2): 5499
V(3,3,3,1): 4850
V(4,1,1,1,1,1,1): 1585
V(4,2,1,1,1,1): 7330
V(4,2,2,1,1): 12609
V(4,2,2,2): 6905
V(4,3,1,1,1): 12261
V(4,3,2,1): 18776
V(4,3,3): 5398
V(4,4,1,1): 7732
V(4,4,2): 6726
V(5,1,1,1,1,1): 2921
V(5,2,1,1,1): 11000
V(5,2,2,1): 13295
V(5,3,1,1): 14882
V(5,3,2): 12041
V(5,4,1): 8039
V(5,5): 1217
V(6,1,1,1,1): 3262
V(6,2,1,1): 9258
V(6,2,2): 6043
V(6,3,1): 8642
V(6,4): 2580
V(7,1,1,1): 2194
V(7,2,1): 4186
V(7,3): 1992
V(8,1,1): 840
V(8,2): 822
V(9,1): 161
V(10): 10
V(1,1,1,1,1,1,1,1,1): 30
V(2,1,1,1,1,1,1,1): 339
V(2,2,1,1,1,1,1): 1310
V(2,2,2,1,1,1): 2558
V(2,2,2,2,1): 2347
V(3,1,1,1,1,1,1): 1491
V(3,2,1,1,1,1): 6108
V(3,2,2,1,1): 9979
V(3,2,2,2): 5313
V(3,3,1,1,1): 7686
V(3,3,2,1): 11218
V(3,3,3): 2938
V(4,1,1,1,1,1): 3506
V(4,2,1,1,1): 12557
V(4,2,2,1): 14824
V(4,3,1,1): 15278
V(4,3,2): 12142
V(4,4,1): 6289
V(5,1,1,1,1): 4882
V(5,2,1,1): 13659
V(5,2,2): 8807
V(5,3,1): 12176
V(5,4): 3273
V(6,1,1,1): 4106
V(6,2,1): 7829
V(6,3): 3665
V(7,1,1): 2014
V(7,2): 1953
V(8,1): 516
V(9): 51
V(1,1,1,1,1,1,1,1): 114
V(2,1,1,1,1,1,1): 829
V(2,2,1,1,1,1): 2544
V(2,2,2,1,1): 3680
V(2,2,2,2): 1898
V(3,1,1,1,1,1): 2744
V(3,2,1,1,1): 8815
V(3,2,2,1): 9906
V(3,3,1,1): 8156
V(3,3,2): 6189
V(4,1,1,1,1): 4999
V(4,2,1,1): 13250
V(4,2,2): 8403
V(4,3,1): 10683
V(4,4): 2226
V(5,1,1,1): 5282
V(5,2,1): 9834
V(5,3): 4385
V(6,1,1): 3209
V(6,2): 3104
V(7,1): 1033
V(8): 135
V(1,1,1,1,1,1,1): 207
V(2,1,1,1,1,1): 1275
V(2,2,1,1,1): 3077
V(2,2,2,1): 3129
V(3,1,1,1,1): 3340
V(3,2,1,1): 8010
V(3,2,2): 4859
V(3,3,1): 4942
V(4,1,1,1): 4648
V(4,2,1): 8272
V(4,3): 3370
V(5,1,1): 3574
V(5,2): 3363
V(6,1): 1425
V(7): 227
V(1,1,1,1,1,1): 253
V(2,1,1,1,1): 1324
V(2,2,1,1): 2404
V(2,2,2): 1364
V(3,1,1,1): 2716
V(3,2,1): 4382
V(3,3): 1374
V(4,1,1): 2749
V(4,2): 2509
V(5,1): 1383
V(6): 278
V(1,1,1,1,1): 229
V(2,1,1,1): 935
V(2,2,1): 1176
V(3,1,1): 1420
V(3,2): 1184
V(4,1): 951
V(5): 236
V(1,1,1,1): 148
V(2,1,1): 435
V(2,2): 298
V(3,1): 435
V(4): 149
V(1,1,1): 62
V(2,1): 123
V(3): 61
V(1,1): 15
V(2): 17
V(1): 2
